1 0.534262782423448 -0.119388109329261 -0.122312009462588 -0.152926397055011 0.192240903681371 -0.131095600376526 0.363533174863306 -0.0864921521277685 0.204512009482346 0.103856361477181 -0.0973740784581097 0.013971938266821 0.0173259215031342 -0.17599381692198 -0.0247323424668979 0.1028135552802 -0.0409835908715726 -0.116356123698643 -0.247926634866656 0.103859571902349 0.362453269935741 0.32166420924713 0.0340844232870286 -0.11833757426465 0.0267337693807623 0.217832342406312 -0.0190890606849969 0.203990487590024 0.00899964328038932 0.094819143979313 0.143983828889074 0.127593579054716 -0.141572651512072 0.0659357906981122 -0.0662887039439393 -0.108294411470047 -0.117775980987419 0.0750218787007033 0.055396670627836 0.0298598098253879 -0.0812256836542962 -0.0705614744151119 0.0730273483745745 -0.175052556396246 0.137744589775649 0.111305112980801 0.00869024973499382 -0.0305514863522249 0.0618577883059994 0.0342413793725497 0.0747458977243717 0.211834126028925 -0.0875164090627913 0.524014982175689 -0.0630671819480301 0.417133531510019 0.00419453033364238 0.039022592127789 -0.00761200953474397 -0.0114677765028331 -0.0946109394045361 0.322476456704469 0.212074316318581 0.136021521970865 0.305382520788894 0.14680392386898 -0.00060618301848776 -0.11039916768564 -0.0661741972857887 0.158041854981764 0.163489536260666 0.125632936953112 -0.113210582650864 -0.00206123667120402 -0.0693107014632571 0.315906064275021 0.233992508983224 0.296745897801159 0.136657312708219 -0.153180737165971 -0.142460285394925 0.00764292518322938 0.114643162889539 -0.056017954836997 0.227683709857069 0.21036087989107 -0.090121997540582 -0.030765636158931 -0.148583234268774 0.192030677753801 0.236381212833458 -0.221164565966458 0.270010701547951 0.0700650415862664 -0.101576337716789 -0.124071105852752 0.0730935790396589 0.14049999996681 0.0220619500576472 -0.00534958383550609
2 -0.119388109329261 1.28912461347902 0.0802055884317119 0.222094530065303 -0.254124018989103 0.0763618308687211 -0.671516052479148 0.209079072342546 -0.161684898815657 0.075701426898385 0.198488347148287 0.162196670392415 0.240174554178593 0.250419143954203 -0.0518953626288569 -0.18394304395808 0.214594173373214 0.329386444806154 0.179927348110307 -0.551024375675701 -0.0587926277897016 -0.174557431493892 0.137787514933277 -0.0232354341737819 -0.420211890792714 0.160247086983358 0.077035196309901 -0.0277493461656724 -0.0634818073722286 0.100499524139014 -0.361595957490357 -0.208451842985488 -0.127553389113779 -0.123925326915817 -0.0688864446790848 0.347821878866061 0.0189888228351014 -0.0098158144493644 0.0821560047838794 -0.128502021604458 0.123334006980415 0.0600593340616842 0.164163852642889 0.0614424492071676 -0.165070630187794 -0.178553864488909 -0.343571700471458 -0.551819024960705 -0.0363609986911932 -0.670165517459032 -0.224568370946663 -0.259578359038344 -0.103580380462905 -0.332891676507818 -0.103028894141951 -0.271465279351574 -0.126193460210324 -0.37866944110367 0.09963317485772 0.0165014269925561 -0.0600076098950511 -0.186726872983874 0.0780581450506634 -0.167670035583972 -0.146067181813114 -0.288917360194831 0.0793705110498141 -0.0336286563183735 0.0193392387293298 -0.139807015555423 -0.197804280581702 -0.430355647977769 0.029022473250099 0.377557550696235 0.0882112958512173 -0.160319619609824 -0.469497265317915 -0.360120095243603 -0.224878121233072 -0.221265160717096 0.100336623095386 0.0251349581408747 -0.279363376899445 0.0750984542701894 -0.268748513611531 0.249670987032009 0.0899011888339867 -0.200952556476864 -0.0340378121059486 -0.053330083163646 -0.0231073720977715 0.702054934544118 -0.24599750293484 0.402086325938662 -0.13149988106973 0.404860879981433 -0.0940552912245929 -0.150055172306331 -0.136487039241701 -0.0922781212765885
3 -0.122312009462588 0.0802055884317119 1.16493032102552 0.133123662094422 -0.128756361437938 0.477098929653188 0.0994984541516098 0.100264446925659 0.0908834721708702 -0.0678349583742635 -0.213924851449502 0.271440190069588 -0.0652662306402948 0.192501664747149 0.0572605232242224 0.0878718193153901 0.0733789534304357 0.19212520815771 -0.0727424497168124 -0.248259690770559 0.328850416234658 -0.343598097412171 -0.409095838280005 0.294509512379247 0.284480974937368 -0.422595005849583 0.0997618312502867 0.110579666954446 -0.0271026159311439 0.165959928471886 -0.109054221388881 0.155394292587126 0.231882163885531 -0.0968881093315537 0.0458437574652946 0.164160523297624 0.018849702739337 0.0269891795979322 -0.00914625444367728 -0.0955487516491683 0.0352082043871554 -0.0339312723550075 0.0837787158800581 0.117154815492424 -0.0882799048591566 0.279135196201043 0.0334549345379055 -0.130702853707772 0.0797272295963525 0.215613792998272 0.0567871582003703 -0.194795719333039 0.129252080905934 -0.181255647974601 0.0660923900517576 -0.182274791847626 -0.0443343638827085 -0.186453864404888 0.0972268728255337 0.379175386576589 -0.198854934540182 0.0785997620361761 0.0549633769194455 0.033658977495291 -0.345366111701098 0.0670529133006586 0.132922473052414 -0.181820332916521 0.0853007132219676 -0.0683022592903052 -0.0509709868802125 -0.0994917954089509 0.0188890606448706 -0.176303091472264 0.00653531491212431 0.0379168845882034 -0.201248038160858 0.1127871580868 -0.017008442273368 0.195948156833844 0.0717579072747878 0.0819021401182417 -0.00789726511319705 -0.0331328180427585 0.23586789545647 0.0572866825978419 0.361850178202105 -0.00198133172983506 -0.0323632580083373 0.0186008324056821 -0.111081450599119 -0.247701070278572 0.00164744356937741 -0.494446016613756 0.0716470868379487 0.27674292514647 -0.0858470867248771 -0.155072413708875 -0.00221236622261271 -0.0631429250818849
4 -0.152926397055011 0.222094530065303 0.133123662094422 0.260680142325021 -0.0377548156154938 0.209882044796042 -0.117779191585657 0.105147562142171 -0.180851248349763 -0.0107026159085973 0.112082282900545 0.102065873615357 -0.048224613484803 -0.0279494648495195 -0.0297343638000878 -0.0630084422602802 0.064682520465298 -0.0134510106099885 0.173023424089535 -0.155948989146161 -0.0904399523903728 -0.222551605040927 -0.0443546967140052 0.0729143874107251 0.0464539831525127 -0.100382877303007 -0.0281047560947483 0.0799864445115358 -0.0119143876265926 0.181177883144925 0.0472259211595629 -0.111214149722838 0.187491557297183 -0.0549725325819482 0.0723165280002131 -0.014879191275992 0.00929405470234371 -0.0801405468942256 0.0414818074038913 0.0293318665633978 0.0682365039366458 0.0481090367675203 -0.0497774077533463 0.110106658381513 -0.0905222354007145 0.0759556480102999 -0.046853032224152 -0.0491743162085982 -0.0154105824689556 0.00945172392293093 -0.0948016646079358 -0.0518350771785419 0.0162657551197377 -0.236168133058528 -0.0770659928150641 -0.202530320921073 -0.116597621934384 -0.0989979785034091 -0.0413625445148177 -0.0687405468090865 -0.0293573125876984 -0.0100944116896035 -0.0761910820832714 -0.0939825206724911 -0.151022235270774 -0.0658072531114237 0.113646016302804 -0.0488480379898543 0.17116599249915 -0.0483520809787449 -0.0877852555790428 -0.103946254327735 0.017157074914152 0.0227105828173642 0.179502853436434 -0.0897623069176793 -0.0598331749556741 -0.158932699301173 -0.0687895361717131 0.13458038027019 0.00508917957400148 0.0691807368824671 -0.0815625445147892 0.0499574316923605 -0.101869678840173 -0.071804280501889 0.0823380496195706 -0.0596404280360332 -0.0294720570417864 -0.0405730082215137 -0.105646254356553 0.179771700200612 -0.16848216402095 -0.0147410224563794 -0.0272582639228451 0.0906998811561206 -0.145827942793252 -0.132820689497667 -0.02735422115363 -0.0260447086598056
5 0.192240903681371 -0.254124018989103 -0.128756361437938 -0.0377548156154938 0.417361236644353 -0.144143162826652 0.173322711103984 -0.17825350768225 -0.0446677764999547 -0.0592203329481533 -0.163318430432336 -0.15016979779733 0.0250643281668733 0.0372177169906784 -0.0938428062039242 0.198539239003436 -0.0590730082534375 -0.0858189060923827 -0.0615121283332036 -0.0436535077691341 0.145144946493911 0.196536504134419 -0.0463884661333891 0.007930796721107 0.188921165341597 0.260642806157268 -0.122204994098772 0.0601247325113003 0.0610864447126484 0.152296432906894 0.21743032114624 0.0167594530100475 -0.143105588514182 0.120532461340427 0.0751464922672814 0.0250123661975303 -0.0892700356812546 0.00793139118413149 0.0273148632545896 0.106514149888913 -0.186841498183968 0.157708799084806 0.0530875148468228 0.0632442331415466 0.150004756247673 0.197656361500637 0.119557074946994 0.0453883471913533 0.148523543377482 0.057106896603805 0.0723820451725528 0.217024375738704 0.0593212841770989 0.240076218779845 -0.0948460166683082 0.348832818075402 0.0944818073907523 0.0134033293488209 -0.0392598097710579 -0.0901479191881326 0.0873498216192946 -0.0399360284820339 -0.0541035671803484 0.0186626634662519 0.269435790712364 0.0736387633482589 -0.0321590962402165 -0.0652890606622449 0.145456361570916 0.172721522039452 0.112250653977231 0.0637309155522 -0.0838986920415808 0.050959215186826 0.016210582711762 0.0573580261932008 0.139439476860671 0.227578596955549 0.20355719381422 0.0512147444091162 -0.141763258045021 -0.000527467226988852 0.125309155760886 -0.0589684899112304 0.161991319845982 0.0440237811903513 0.0140192628548261 0.0415678953597893 0.0675715814492645 0.383541617135794 0.00784815693243664 -0.0468569559717458 0.178020451841389 -0.0311422116853992 -0.102162901328678 -0.0337261593489072 -0.0954370987325286 0.292155172404583 0.0830747919191487 -0.031560047570334
6 -0.131095600376526 0.0763618308687211 0.477098929653188 0.209882044796042 -0.144143162826652 0.787300118549907 0.140937336374234 0.179748394475569 -0.0106506537934592 0.0697441141836438 -0.0630872771693837 0.137191319497008 -0.168845897677563 0.0399369798697244 0.109902853814216 -0.170154340006995 0.0796080852513534 0.11103436396095 0.120772532266013 -0.16436884645052 0.227606658819863 -0.255366111572235 -0.0916747918389504 0.139269440912107 0.224768014073672 -0.299016646631196 0.277806540018467 -0.0151873961745431 -0.0198521997553049 0.127027823667907 -0.22161581491446 -0.166346492171512 0.308287038856758 0.0322971463866253 0.153138050008228 -0.21907645644678 0.0394090368695323 -0.0610282995633545 0.00263234247903945 0.00438204490563176 0.0371692030886767 -0.0623727706204487 -0.0584715813515833 -0.0726195009900598 -0.207588822805423 0.0838803804704885 -0.0941796671933118 0.164906064315732 -0.145360879736935 0.18363793082408 0.0182634959306305 -0.34887978588039 0.106047086879676 -0.291611058145342 -0.20752865632004 -0.242931153259415 -0.181111890670626 -0.0307756241512614 -0.160494173534814 0.227661355724972 -0.170506539704031 0.0153548154083732 0.197107134349858 -0.274783947554373 -0.38790606405866 -0.321329250748381 0.135735433645719 -0.056714982101199 0.175383828388197 -0.275294768283683 -0.0146047561624305 -0.27251700344411 0.0476732461418579 -0.375083947531592 -0.00614185527910462 0.079625326860411 0.0918175979393819 -0.0309916767034485 -0.0289178358056873 0.178891200712948 -0.0552010701330313 -0.00499334162126898 0.00958168855423033 -0.0304768132585057 0.192538050088528 -0.251368251974621 0.37409250860648 -0.0303151010398665 -0.0606466111450183 -0.133241854835636 -0.183344589672822 -0.0727516054212908 -0.23580297258386 -0.195650059326807 -0.00597764560649622 0.229214387711965 -0.228243043863199 -0.174437930871579 -0.0154495838152224 -0.0662454220987339
7 0.363533174863306 -0.671516052479148 0.0994984541516098 -0.117779191585657 0.173322711103984 0.140937336374234 1.71413055897258 0.01696837088553 0.186487752756502 -0.0468998810892965 -0.456387752755817 0.239336504060099 0.0693467301161146 -0.332367657555281 -0.0878694411303889 0.0342268728004949 -0.0310990488770438 -0.25806837097869 0.0301545777383968 0.431175267637946 0.130349464954573 0.0780305589402521 -0.283674316288918 -0.0520713437241396 0.511432342425762 -0.222551248452816 -0.00732925083967321 0.325757669400034 -0.0621010701575237 -0.0863873960861648 0.650527348327375 0.139115220027707 0.213619976102076 -0.0747512484777639 -0.211473008325665 -0.423100475606556 -0.0566520808598269 -0.166537812115622 -0.0273306777573861 0.108489773995852 -0.424939120216476 -0.132422354386927 -0.219659334111966 -0.270523186837375 0.0991165279669613 0.29400154579432 0.343291438755372 0.388255885917057 -0.0376369797290765 0.379282758580702 0.347092865699051 0.213760998871576 -0.0132906063994747 0.640744946601358 0.122743281839256 0.438493698070658 -0.21067158148621 0.399750535151103 -0.163560166456244 0.187972532774921 -0.298043162880987 0.503025921473406 0.324447086821195 0.0482024970827679 0.0388406659399186 0.0883772890078831 0.0922780022623086 0.139602497063227 0.0722601663410078 0.252811771682774 0.363178953688027 0.293878121361422 -0.0746386444773091 -0.352690606392605 -0.19336658752864 0.499707847801211 0.531408561231268 0.716637693248374 0.260358145125459 -0.315018073836393 -0.270339476829923 0.126349464814716 0.259315695653963 0.00467027350496849 0.0975683710393204 -0.446489774077366 0.160040903585803 0.0400961950207582 -0.0593393579002503 -0.236939001174304 -0.00822187867714164 -0.89758680157231 0.364218311598199 -0.251949702710469 -0.0712324613442834 -0.109365041608619 0.0342634958926237 0.121210344898705 -0.0366555291304499 0.109137455428525
8 -0.0864921521277685 0.209079072342546 0.100264446925659 0.105147562142171 -0.17825350768225 0.179748394475569 0.01696837088553 0.281120808365188 0.0740907254712544 -0.0504386444560382 -0.000921759890591638 0.125798216152509 -0.0298596907901329 -0.00755612360550236 -0.0107247324204414 -0.115850891748595 0.0617873956980243 -0.086175980912751 0.146803566876109 -0.0304653982115115 0.034920451888615 -0.0899833529987425 0.0931596909134887 -0.030368490070251 -0.00509750312864415 -0.229171819107506 0.117451367544956 0.0763126038947447 -0.0539108204506333 0.00191403065465541 -0.0562296078935855 0.0257604043659518 0.174045659649296 -0.108964922628492 -0.0805998810632625 -0.0710626633780143 0.0357159334195222 0.0611958383551417 -0.0786986920196311 0.0149992863643442 0.227327823864874 -0.0561900119701661 0.0414939358698478 0.0342253267154146 -0.11334399522272 -0.0908230678115112 0.0578582638896213 -0.139204280566083 -0.176926397032323 0.0249724136317029 -0.104015814451191 -0.220669441074869 -0.0151322234957565 -0.158028299553102 -0.0154631390776792 -0.248972532613122 0.055167419709731 -0.0595928655637648 -0.0800321045850718 0.0695682522127991 -0.0748272293910738 0.165589298262263 0.0889174791763919 -0.029780499298342 -0.156750891675648 -0.0753085611187999 0.122252675128883 -0.029277051083298 0.0306596905568909 -0.125370630303519 -0.0538254458442028 -0.0834307965715128 0.0314663495880971 -0.0879873958323716 0.0489477999951209 0.0955667062112454 0.034927942808453 -0.0292296077026451 -0.114038525498858 0.127704993883251 0.0465541022828468 0.0252342446897206 0.047960998878179 0.124750772945663 0.00681736037936461 -0.0890337692371895 0.114406301782839 -0.0499116527751655 -0.0120500594269347 -0.184334958320066 -0.030458382795149 0.0525897739521646 -0.0713512484556932 -0.0362845421110354 0.0377775267962569 0.0605764566456793 -0.140825802518784 -0.159593103334357 -0.0723530321006704 -0.0127833531349266
9 0.204512009482346 -0.161684898815657 0.0908834721708702 -0.180851248349763 -0.0446677764999547 -0.0106506537934592 0.186487752756502 0.0740907254712544 0.67459238999088 -0.0396443519777724 -0.0798441141075496 0.0710667064742614 0.018235196161623 -0.182832699220383 0.0317946492042531 -0.151875267588634 -0.113747918991171 -0.168676932282884 -0.111074791727713 0.152711414918444 0.426384066601553 0.146491200865923 0.0589889417043029 -0.26591640895439 0.217684542328104 -0.115739476933341 0.113938168786969 0.0951272295934379 -0.079297384077953 -0.0662668250533035 -0.0317112959074562 0.160564328144757 -0.0265269914966547 -0.0204532699759594 -0.141178240227179 -0.0288881094731077 0.00432615933234548 0.10593151007901 -0.0597813317665666 -0.0188615932192679 0.235626278370725 -0.1671859690544 0.310017835892499 -0.247982401753519 0.0244799048578869 -0.160211058262754 0.12281747925687 0.145906301994858 -0.194254815794492 0.110344827697615 0.08161973837417 -0.135987039305769 0.0858651605010238 0.328810820418053 0.0593972651390682 0.249823067732471 0.158451605267714 0.0699504161297156 -0.0238510107406882 0.161790130734609 -0.223348513759839 0.191669203475481 0.230205588621194 0.327775505313896 -0.101268371079504 0.203209155709068 -0.0366673006698364 0.0253789535987649 0.190995838484776 -0.0510218786654002 0.139439952414579 -0.168063377014068 -0.014178715816646 -0.261262425790465 -0.237180142557128 0.234641736112224 0.0118928657112372 -0.0206871580915721 -0.00747776461400699 0.134617360411248 0.139855885851509 -0.036402140152759 0.00982829960553066 0.097556955986531 0.378487277029271 0.203430558820064 -0.0678915575220554 -0.0255531510278134 0.0261391200807947 0.0611715814069604 0.331960760977554 -0.261178240133929 0.241311177152892 0.100511533833544 -0.0840505351091668 -0.159039476853412 -0.138563258107346 0.0435206895797318 -0.0919014268880987 0.123549821641897
10 0.103856361477181 0.075701426898385 -0.0678349583742635 -0.0107026159085973 -0.0592203329481533 0.0697441141836438 -0.0468998810892965 -0.0504386444560382 -0.0396443519777724 0.281693935815581 0.104799524392738 -0.0352686087787549 0.0439202140300501 -0.0591080856230055 0.0180587395937331 -0.0281946492348592 0.029106658765665 0.20252140310447 -0.0340903685838816 0.0663510106966575 0.0482807372184331 -0.0943481569790556 -0.0792546968023362 0.0435454221359857 -0.125342568369127 -0.0162966706473089 0.0884745541005621 -0.0892239001136604 0.00481664684888973 -0.0813014268574622 -0.0650395957010256 -0.0640555291453262 0.0210536266629767 -0.0645346016789455 0.105485493466751 -0.0366619500738724 -0.00867835909744476 -0.0429681331842693 0.100699048759132 -0.0472819262650386 -0.0664600475532422 -0.10379441141824 -0.02941878716754 -0.0276623067556575 -0.0177877526798571 0.0635211652877537 -0.152946135559661 -0.0845915576831757 0.164920451847108 -0.0864931034420243 -0.000105112966505582 0.0688683709857225 -0.0422859690927323 -0.0583164090516123 -0.105159096327696 -0.0101992865742173 -0.0934907253328315 -0.0110600475703349 -0.0761384066711879 -0.0942095125050605 0.218511652805696 0.122664209304516 0.0453847800301262 -0.036830796683781 -0.0897980975232941 0.0569858501727408 -0.0573539833348794 -0.0194066587457459 -0.117613317464745 -0.0710279429239093 -0.018326634965271 -0.0779600475791973 5.01783589868511e-05 -0.00751700357960764 0.0662511296356267 0.000292865644958043 -0.0356607609916203 -0.0194016646788176 -0.0137343638606034 -0.175860998811383 -0.0173418549379314 -0.050326159316066 -0.0553073721867193 -0.0985770511428229 -0.104931747937261 0.200030202150958 -0.0701412603889527 -0.0816887039337059 -0.0526513674271034 -0.0929902497185681 0.0231296076046676 0.0164303210594772 -0.100616646864178 0.000579667053918423 0.0722589774112486 -0.0459863258105348 0.115341022593316 -0.0482103448434861 -0.0450507728946182 -0.0477481569620316
11 -0.0973740784581097 0.198488347148287 -0.213924851449502 0.112082282900545 -0.163318430432336 -0.0630872771693837 -0.456387752755817 -0.000921759890591634 -0.0798441141075496 0.104799524392738 0.917282045241557 0.0343126039486646 -0.0929696789417473 -0.195422473243707 0.12384328183427 -0.111324732450883 0.193923781134992 0.127149346054191 0.049112722837523 0.0658265161044905 -0.0588461355431277 -0.261025683676171 -0.17468549345471 0.0381508917358055 -0.171001783663521 0.0444601665368676 -0.0234692032901737 -0.0370168847209415 -0.0032681331728161 0.0909875147771111 -0.157123186798317 -0.283722948867084 0.0339511295034986 -0.213050178345512 0.149195481597525 0.188308799111702 -0.0333847800256447 0.0219340071587894 0.0169434007226851 -0.0891349584641018 0.205184066543046 -0.16464161716495 0.0602131986060956 -0.0755417361370701 -0.0596316290071945 -0.156968252105276 -0.170634720618524 -0.02653733648295 0.0267065398834462 0.0915551723630167 -0.15884387632904 0.0974939358316513 -0.173834126039025 -0.20545909629517 0.0664199762409736 -0.272512722934842 0.0907242568333675 -0.100022829945463 0.195188941776147 -0.0675521997230722 0.131238168896978 -0.154789893074462 -0.434333174841399 0.18143483953382 -0.370762663481977 0.131066706359715 0.0207466110814943 0.0136486325993544 -0.0408268728796672 -0.039653983389384 -0.215350297264213 0.0446357907683549 -0.00839369797891793 -0.0318444708227186 0.228249108136327 -0.176007253322731 -0.171037693282007 -0.0864887039646778 -0.25492223543023 -0.133596670709383 0.234847562454824 0.0222435195275725 -0.149252437565644 0.0719844233285164 -0.229590725314786 0.201590130849597 -0.0897291320846697 -0.126708917958123 -0.161470154583237 -0.0081991676292236 0.232687514916144 0.152143757398356 -0.313218073727835 -0.0720563614434868 -0.0405218787055506 -0.0818122473175752 0.084708085660427 0.010255172461555 -0.0266916765741072 0.000891557675797908
12 0.013971938266821 0.162196670392415 0.271440190069588 0.102065873615357 -0.15016979779733 0.137191319497008 0.239336504060099 0.125798216152509 0.0710667064742614 -0.0352686087787549 0.0343126039486646 0.664216408775878 -0.0730115338264809 -0.139637455354042 0.140481331811733 -0.159026278185475 -0.0474764569233247 0.0153638526428368 0.0586016643049462 -0.220743162769378 -0.229348156926665 0.0549123664297154 -0.120981569498548 -0.248282996666552 0.283128061670339 -0.0281020211924231 0.0159329371189229 0.297252318509073 -0.0809307966706739 0.0975067773400029 0.0611682517510399 -0.0878164089451754 -0.117146968263094 0.0541634959553609 -0.157784542180382 -0.154822116392383 -0.0413045184300594 0.0750107016271575 0.0076252081117607 -0.0699582642200679 0.130379191239313 -0.067291201047144 0.0299323425429804 0.100575267211101 -0.0716952437259324 0.294070154573693 0.00833293687529828 -0.12494268721002 -0.0937902495540642 -0.0102758622674074 0.192730321143137 -0.231106658655948 -0.149423543355637 0.0505831154703813 0.23596432825591 0.0388638526922364 -0.209214744412558 0.0573136742968582 0.106598811021547 0.110286563776342 -0.0806950058266726 0.18038810916028 0.185613674186636 0.156366111919026 -0.114684898778326 -0.0410129606142185 0.202451248208277 0.0388488704552313 0.204128774936809 0.0352146253412338 0.0203816885387197 -0.156872532584954 -0.0318400713450764 0.135735077462282 0.0831726513148542 -0.0060936980995111 -0.0283398336788081 -0.0707455411376749 -0.0856945302366331 -0.0858369800153422 -0.00858394765894127 0.134675980675229 0.0751160524013826 -0.049396076050911 -0.139612128319156 0.0142996433958433 0.100098572835978 -0.166645897727764 -0.135618073701714 -0.145275624173827 -0.12827598088433 0.0357982162541121 0.0720652795140869 0.0363439953726473 -0.169087039208134 -0.0344192627365984 0.0554146255843002 -0.248482758488605 -0.0980907253232306 0.0656158145335805
13 0.0173259215031342 0.240174554178593 -0.0652662306402948 -0.048224613484803 0.0250643281668733 -0.168845897677563 0.0693467301161146 -0.0298596907901329 0.018235196161623 0.0439202140300501 -0.0929696789417473 -0.0730115338264809 0.652433769369241 0.0899016646786729 0.0223225921435848 0.124495957190778 -0.0488486325171039 0.253049346022518 0.202029964428991 -0.0367148632938855 -0.0905771700550296 -0.0725187872060974 -0.158278596938839 -0.108756004721905 -0.0662431628677904 0.0152084422867562 -0.0943898930226357 -0.175606539810396 -0.0220267538681357 -0.102933174734856 0.0570699168423058 0.0501322235269307 -0.121441973776485 -0.04450190252497 -0.129732104659366 0.229108799038524 0.0689531510162999 -0.172224613587298 0.0606640903689394 -0.0867142686845671 -0.0712055885468305 -0.131369203322776 0.2030269916765 0.133047919227903 -0.0464385255773009 -0.0914475624275393 -0.0521416171050681 -0.209726991713079 0.245899643271606 -0.166565517215219 -0.0343576694610478 -0.1248991676917 0.0763210463680177 0.106627110565826 -0.0340834720715105 0.198959690834994 -0.0676309155744109 -0.00507455412268554 0.195502734842627 -0.0578453032479845 0.310607134366388 -0.181841617086547 -0.0452262782384642 -0.181106539878734 -0.035455766981886 -0.0272057075255963 -0.0667809749672124 0.00918311532720018 0.0171282997191181 0.119687395991386 0.106897978592005 -0.168057312766167 0.0568683709919537 0.283065873952238 -0.249506064169573 0.104644470903408 -0.119941141478864 -0.0895507728748775 -0.0397325802849581 -0.117189774042611 0.0423544589764846 -0.0924288941160527 -0.12205243760187 -0.0998121284393408 0.092523067761316 0.202710820447074 -0.0920498215858218 0.00350487514286796 0.280812604062338 0.113397384056777 0.170059928650606 0.134585136788243 -0.0514249702948852 0.122622948855356 -0.0661391201112948 -0.127312247347029 -0.0809539833890315 0.201299999986011 -0.071098573136698 -0.0425601664769275
14 -0.17599381692198 0.250419143954203 0.192501664747149 -0.0279494648495195 0.0372177169906784 0.0399369798697244 -0.332367657555281 -0.00755612360550236 -0.182832699220383 -0.0591080856230055 -0.195422473243707 -0.139637455354042 0.0899016646786729 0.714504161764801 -0.0854952437763332 0.182941617124794 0.122593935870774 0.252263020219638 0.133161117812176 -0.242907847855893 0.0583156955950532 -0.338709036934382 -0.0401430440146572 0.350537574394434 -0.242247562408354 0.0673538644077277 -0.0463385255986709 -0.211949108184395 0.0269693222363517 -0.0913536265761045 -0.167007966650144 -0.189334958422166 -0.241144589720396 -0.134966825244814 -0.0396906064345642 0.368818549348636 -0.00583781212988606 -0.0589804994269575 -0.0808828775398349 -0.0538080855655819 0.108542925144799 0.136792508950052 -0.0120825208291363 0.2940939358907 -0.0648825208228831 0.0860052318817845 -0.0814212841706159 -0.111741617149908 -0.0896164090790732 -0.194634482734667 -0.139711415012186 -0.177727229528072 0.129492271105363 -0.268821878768337 -0.097901783611539 -0.117992152239202 0.11802960762988 -0.159698454256392 -0.11906040430731 0.0112298453907759 0.340328180742275 -0.23285231863658 -0.0226915576655258 -0.277628418603952 -0.181734244998429 -0.160528061878584 -0.00397657543618617 -0.117718073745548 -0.103691319792094 -0.181741854928608 -0.169024019056066 -0.108839833569427 0.00582782401923921 0.0203026159009263 0.0195693223011899 -0.295768133176911 -0.162995957178204 0.0267023781470353 -0.0986607610279426 0.190829013145092 -0.0442948870483903 -0.0276705112317166 -0.115815576721546 -0.0591096314082713 0.0123818073492214 0.217232223539749 0.075508204589994 0.0190966706258441 0.239931510122616 0.134252080848064 -0.247998454266596 0.330588703989017 -0.131196908471433 -0.246420214081053 0.0475142687221545 0.324964209294824 0.0804167657341023 0.0408827585912173 0.0653380499439225 -0.0690917954925567
15 -0.0247323424668979 -0.0518953626288569 0.0572605232242224 -0.0297343638000878 -0.0938428062039242 0.109902853814216 -0.0878694411303889 -0.0107247324204414 0.0317946492042531 0.0180587395937331 0.12384328183427 0.140481331811733 0.0223225921435848 -0.0854952437763332 0.417261593372734 -0.104938644491661 -0.162247324578946 0.234790249711626 0.00894423311694607 -0.134000594566827 0.0223115338823697 0.178602972638176 -0.0670053507906012 -0.183164447071232 0.233359928707674 -0.0280512485496435 0.134305231857998 0.0226369798173522 -0.0441527942978612 0.0121677765069316 -0.0952140308721391 0.019429013065884 -0.047935196143812 0.0638315100955484 0.0217890606369379 0.00565469676661254 0.0648651605286383 0.137672532700552 0.0173107015434392 -0.0705964327869322 0.0815850178766861 -0.0813568370923806 -0.0111351962102234 0.0578078478583401 -0.159200713457385 0.0298498216487092 -0.0418844232930958 -0.0488648038219167 0.0691699167476763 -0.0642103448027983 -0.11051403093828 -0.287297621922298 -0.0861733650589914 0.0575173602710055 0.087867419738433 -0.0675752675656547 -0.0983681331776908 0.0751126040352 0.167391557673967 0.168020808553472 0.0364154577720627 -0.0528120094783657 0.0048057074959504 0.11778180736258 -0.110824851403235 -0.00929857315163948 -0.027194411366858 -0.0529630202282716 0.108398097567872 -0.0811192627731882 0.124244470868696 -0.0319598097734673 0.054761355534054 0.135219738394341 -0.0395079666634436 0.0970768133454368 0.0361602854005574 0.105827348421688 -0.023286682537455 -0.0664663495555348 0.0155191438741782 -0.176636741941691 0.179412247329729 -0.0888159334293623 0.0540373364916771 -0.0712690844476322 0.13092021409024 -0.000293460170986009 0.02086753864131 0.0543403091457866 0.0462643281690435 0.12031664688507 -0.033409274688351 -0.0256462544809959 -0.04592211653959 -0.0167719381780917 0.0595807372024164 -0.0770000000315613 -0.0621107015536723 0.00607538644202467
16 0.1028135552802 -0.18394304395808 0.08787181931539 -0.0630084422602802 0.198539239003436 -0.170154340006995 0.0342268728004949 -0.115850891748595 -0.151875267588634 -0.0281946492348592 -0.111324732450883 -0.159026278185475 0.124495957190778 0.182941617124794 -0.104938644491661 0.585243757471831 -0.0683296075475971 -0.0290594530531372 0.00948703932293514 0.173435315084528 -0.0944568371185861 -0.0544938169315628 -0.114051129634079 0.34612057082707 -0.189913555268842 0.0859317478812994 -0.213530083284041 -0.144508323397799 0.0713139120146059 0.0522223544128238 0.255406539929922 0.148960760991331 0.031550654063164 0.0463765754856083 -0.0463095124994494 -0.00681105829696298 -0.0395884661164283 -0.0475463733855338 -0.0368873959661516 0.00214673013556889 -0.237739714602264 0.26426991680998 0.132526516045287 0.084701426953365 0.0899092746732496 0.271497146286956 0.135528537490876 -0.111516171252234 0.179787633752353 0.258872413860069 -0.0869589774329793 0.277755291323349 0.0917123662265837 0.0551639714404509 -0.1054523186896 0.192250891785168 -0.0808073721748052 -0.132270749140949 -0.0161488704094516 -0.114146373408381 0.100512841837223 0.0901871582074976 0.0920878715962276 -0.184070392435938 0.499060998823058 0.214736623055585 -0.00257609981143486 -0.0444428062000564 -0.138040784717655 0.0647538644764593 -0.0421608799240799 0.470394768149768 -0.0327976218821477 0.417981331752777 -0.1527550534579 -0.052770986899389 0.01527835912891 0.386461712307142 -0.0474248513918204 -0.0929684898540909 -0.0834212841983627 0.0570259215946982 -0.0119936979960201 -0.153982520834643 0.178290487507437 0.0753222354168392 -0.0820110582069348 0.0467425683692052 0.120108204522688 0.291065636154072 -0.0418604043067134 0.0675697979001672 0.0606619500483668 -0.11858489896806 0.171739239007307 -0.0739027348570161 -0.0275944114462733 0.195824137916008 0.0856184304452269 -0.108273127244196
17 -0.0409835908715726 0.214594173373214 0.0733789534304357 0.064682520465298 -0.0590730082534375 0.0796080852513534 -0.0310990488770438 0.0617873956980243 -0.113747918991171 0.029106658765665 0.193923781134992 -0.0474764569233247 -0.0488486325171039 0.122593935870774 -0.162247324578946 -0.0683296075475971 1.35454292490148 0.140081569657096 0.0450115335118731 0.141125327155817 0.246321759883327 -0.118316289950559 -0.151585850120671 0.621897859541879 -0.0886784781958998 0.289474911058385 0.202603329524806 -0.0505325804512188 0.0985469679121578 -0.015173484259985 0.206269440829622 -0.0968407846904558 -0.173433056254377 -0.285149227026943 -0.148605707459529 0.49790095144376 0.00160416171662321 -0.0789519618841495 0.0465820452138078 0.265389417146387 0.0835747917132006 0.255603329305503 0.0724876338657047 0.159349821323173 0.24926694417545 -0.486689298531676 -0.147303567299766 -0.269873840613516 -0.23391224719116 0.270993103278874 0.036331510188028 0.0472814507625649 -0.140698097457822 0.082620451975962 -0.00567277045959318 0.0707195007316207 -0.0290878716245345 -0.0237976217880868 -0.237414149772824 -0.0404243755976991 -0.331837812035083 0.0254757429181545 0.0414816884421216 0.0157191440087143 -0.202557193675712 -0.219347681203702 0.129819857004581 0.0479536266979089 0.025793459823344 0.130817835815357 -0.153078596853096 -0.303335552814436 -0.0105054696783978 -0.322622235305948 0.0956159331271751 -0.158436385389413 0.180310463607871 0.0826590962146763 0.0596492272075387 0.0943430437856725 0.207185850220814 0.202176931934069 -0.140083115277431 -0.0567646848513334 -0.276553983268105 -0.0488790724260522 0.478121640651909 0.122362782441828 -0.0277281807074082 -0.146204756160871 0.246636861004678 -0.525212604248661 0.118242687365257 -0.115841973727723 -0.0206178358653476 0.310985255725812 -0.118392508797637 0.0095034484303208 0.0834351962157297 -0.0900611177049152
18 -0.116356123698643 0.329386444806154 0.19212520815771 -0.0134510106099885 -0.0858189060923827 0.11103436396095 -0.25806837097869 -0.086175980912751 -0.168676932282884 0.20252140310447 0.127149346054191 0.0153638526428368 0.253049346022518 0.252263020219638 0.234790249711626 -0.0290594530531372 0.140081569657096 0.889217360347004 0.0665895363737585 -0.263379429315817 -0.0524652794475754 -0.1426442331202 -0.188159690881114 0.387092627915714 -0.0847749107792559 0.00247871575877917 0.218993460151026 -0.156178121249805 0.0161177170030959 -0.0474036860098645 -0.268611771637666 0.0197706301777801 -0.052959452943532 -0.0915936980166114 0.1562791914414 0.21364197382143 0.0120185493460278 0.151531747913951 0.0550986920318207 -0.147095838238147 -0.0305243756904921 -0.130603091546502 -0.0808180737531768 0.164009155870835 -0.0792491082220351 -0.179687277059706 -0.100830677746463 -0.213399167698363 0.354222948862493 -0.486072413787164 -0.144166944148367 -0.156858145107864 -0.013071224749218 -0.322330321110032 0.035349346006103 -0.17622401907625 -0.0983156955990335 -0.189624375785731 0.340270035685003 0.109990368579514 0.38006516052593 -0.194741022544859 0.0367963139228956 -0.0915401902931182 -0.406897384147568 -0.0184190250115318 -0.0843147442747896 -0.113678121310435 -0.0646734838619696 0.01669821643894 -0.151564209307517 -0.166376099930639 0.0304957193841546 0.0858011890266248 0.00140392397848715 -0.0855149821405902 -0.322979667055556 0.236964090419407 -0.197809750340195 -0.168784304357402 -0.0330092746822088 -0.140585969015707 -0.00372306779664676 -0.169750772919504 -0.0267035672139751 0.0990785968882301 0.253200594633095 -0.112474554120412 0.10958799048924 0.166931510097395 -0.177900237855883 0.207775743224035 -0.242310820495178 -0.242470630257932 -0.0110085612499449 0.232158026168371 -0.00396385259179113 -0.0723310345303853 -0.0406917954888234 -0.0588614744462201
19 -0.247926634866656 0.179927348110307 -0.0727424497168124 0.173023424089535 -0.0615121283332036 0.120772532266013 0.0301545777383968 0.146803566876109 -0.111074791727713 -0.0340903685838816 0.049112722837523 0.0586016643049462 0.202029964428991 0.133161117812176 0.00894423311694607 0.00948703932293514 0.0450115335118731 0.0665895363737585 0.603417359883191 -0.024989536086768 -0.190082996390035 -0.260162663289498 -0.11629548149369 0.0948142684861704 0.035264565772841 -0.253940784549915 -0.119103804841368 -0.113397741018472 -0.0212832342379117 0.0391105822684014 0.312501426502563 -0.102860285265191 0.165273245726335 -0.0952959570694581 -0.0663619500107382 0.0371614746175564 0.115688347221719 -0.151717954741517 -0.05030903683534 0.067433769040365 0.0746347203255883 0.0104444707623479 0.101531866942804 0.358218430072337 -0.130837098658805 -0.138119619551666 0.240965160420539 0.104340547071617 -0.145402259041329 -0.0881965519676541 -0.171319262704978 -0.0908246134382627 0.107188466192365 -0.225314506410159 -0.0424562425093616 -0.123269084277615 0.00525362658679385 -0.0837721758768442 -0.109663139044533 -0.151755885684424 0.225479667234656 -0.121396908751922 -0.070323900159202 -0.15583567167607 -0.238147443348738 -0.0821809748580528 0.107780261217024 0.195771224821413 0.191580380100635 -0.0717154579237284 -0.00132199753781598 -0.0709307965236618 0.0992387633881617 0.0309608800989947 -0.0380418552933857 -0.0756539835036164 -0.065627229667147 0.123297978479426 -0.115517835810362 0.138008442080038 0.0622782402237581 0.0384825204399868 -0.0804390011065774 -0.119966468437337 0.000979429385053092 -0.00075790711912901 0.122561474088623 0.0645435196598256 0.316798216478044 -0.00755219964770745 -0.0832894172457029 0.385558739443556 -0.101699524292396 -0.134670748971484 0.00497407853423776 -0.0677407847279941 0.0255500596140566 -0.111720689480473 -0.0430599286449216 -0.0481936979583117
20 0.103859571902349 -0.551024375675701 -0.248259690770559 -0.155948989146161 -0.0436535077691341 -0.16436884645052 0.431175267637946 -0.0304653982115115 0.152711414918444 0.0663510106966575 0.0658265161044905 -0.220743162769378 -0.0367148632938855 -0.242907847855893 -0.134000594566827 0.173435315084528 0.141125327155817 -0.263379429315817 -0.024989536086768 1.06366563617571 -0.0155588585273129 -0.0534281808337551 -0.116133412649415 0.095831510215318 0.0434335316027152 -0.291092509046104 -0.0274727705788485 -0.195046016576886 0.0346167657547363 -0.174958382745429 0.333177289131564 0.0791397145857287 0.410611177377123 0.0802109393126316 -0.0603481569834848 -0.113959215301605 0.0386297265176783 -0.178566230729682 -0.132188347230182 0.0691510108222917 -0.263875624181793 -0.106400356685968 -0.105943995296558 -0.145671224587133 0.171449108202636 -0.171257550536162 0.0833306778221157 0.373116409034865 -0.166302259305258 0.447537931169913 -0.0784296076544754 0.465730558852674 -0.0045977408131436 0.267461355494556 0.0783127229312877 0.067127467244823 -0.195925683709073 -0.00429286568094999 -0.164921759859356 -0.0227696790271344 0.0132107014874405 0.231837574456311 0.249779548193863 -0.0102218787793501 0.270173246084424 0.196412128365978 0.0102492272647065 0.220495362656371 -0.216464446942038 0.0360328181280892 -0.0364082045552275 0.193951961907468 0.0157732461363019 -0.0222391201729913 0.0268650417604134 -0.0346091557134121 0.0112382878219953 0.141797978661454 -0.0871592152718578 0.157787752794711 0.0175989298361325 -0.0335450652540028 -0.0888907253710733 0.0434231866613054 0.173172532662378 -0.111530321110083 -0.083866111637691 0.152402140309969 0.00373269915250895 -0.125148751543783 3.47205222315267e-05 -0.369179191398882 0.222769441125686 0.000984423246466792 0.291470630207543 -0.172795957233272 0.110305231814378 -0.0134413793850198 0.0424607609966738 0.00322009511531473
21 0.362453269935741 -0.0587926277897016 0.328850416234658 -0.0904399523903728 0.145144946493911 0.227606658819863 0.130349464954573 0.034920451888615 0.426384066601553 0.0482807372184331 -0.0588461355431277 -0.229348156926665 -0.0905771700550296 0.0583156955950532 0.0223115338823697 -0.0944568371185861 0.246321759883327 -0.0524652794475754 -0.190082996390035 -0.0155588585273129 1.0900073722708 0.142735671802196 -0.0861642092942884 0.139457669487426 0.24959155772253 -0.0269356718554049 0.211100713434625 0.145867895405917 -0.0159645659955678 0.112961593401513 -0.0678683709404646 0.0584722948768096 -0.065646492221119 -0.146328775298981 0.0882618311544464 0.317752913204901 -0.02792152200093 0.036597978588658 -0.0157129607664863 0.0571841855369749 0.177744352012074 -0.0122027348265235 0.17690178359337 -0.0970403091118362 0.0497431628999749 -0.110464209280065 0.0170800237994064 -0.0430017836074361 -0.19378513678507 0.153255172459358 -0.0846028537659004 -0.0626335315326264 0.0809575505333949 0.395808323441881 -0.140218549367581 0.128765755044852 0.362351367460363 -0.00563840667408856 -0.200911652824611 0.258308323425053 -0.120704161743522 0.151304161765952 0.0332478002454008 0.291226516058916 -0.192153388866532 0.122855053495592 0.0027256837612389 -0.269466587430704 0.0756495838910412 -0.0918173602770283 0.169819857317613 -0.240776337736262 -0.0467223543447264 -0.479583828845805 0.00258370991642104 0.424897621937762 0.247792390058051 0.323662663543453 0.171228775269125 0.231607253326623 0.0811711058304015 -0.0519684898486636 0.126305588585023 0.0881846611175904 0.437706658763165 0.324839952450475 0.300956361550195 0.0918302021444461 -0.00775505351363382 0.227273365047827 0.419216765778416 -0.321076099886455 0.234419738416486 -0.264858501828343 -0.118665398353887 0.132122948875133 -0.0339759809992118 0.207344827581273 0.0154991676569626 -0.0276746730142185
