1 0.527025683750441 -0.0678394768813102 -0.0704575506184942 -0.115445778839026 0.187397621886449 -0.125609750210892 0.356892033383307 -0.103813911891683 0.196894411404091 0.099967181939118 -0.07879904877932 0.0530149821625754 0.0106400713417803 -0.182381450675338 -0.0296755053556845 0.0969629013118086 0.000192627810489214 -0.123036741993442 -0.204847443537907 0.0940764565882308 0.379432580236956 0.3127053507681 0.0290799048692517 -0.133977526661036 0.00901771710875155 0.207619262765016 -0.0773601663613911 0.230588347213214 0.00642366231199817 0.133334720575672 0.193454934589259 0.122526753859466 -0.0898837099082937 0.0591928656259641 -0.0705802616025804 -0.175692270987475 -0.121081569564073 0.0699517241357032 0.0527517241423689 0.0579435196230983 -0.0505850178587289 -0.0996777644703464 0.0667376932181228 -0.201314149668382 0.133937693233791 0.128664922686517 0.0287473245944397 -0.0371655172510932 0.0534007134164336 0.0688601664421188 0.0700272294842491 0.204734482765303 -0.0934217598207969 0.516794530351481 -0.0681216409126924 0.408772532720693 0.0267419737951595 0.0330164090276164 -0.012801070163749 -0.0187386444989853 -0.104024970296462 0.358489774092109 0.232584661093565 0.128856718183999 0.295810582644501 0.139115457776625 0.0344872770586851 -0.115196313928112 -0.0157994055001772 0.131350297382016 0.157704042815372 0.11653091557316 -0.115501189066033 -0.0125449465140142 -0.0303637336673628 0.340666111774407 0.258905231868653 0.334571819226262 0.131057788346734 -0.117102259256099 -0.145997027359923 0.0451606420911951 0.108734482761952 -0.059998454232489 0.220136504168908 0.203140428066487 -0.051612128435608 -0.0356731272284595 -0.153130677776989 0.184901545786339 0.230182877534257 -0.193941736072114 0.264652794308564 0.0624612366114154 -0.105788466124796 -0.129275386457997 0.0666759809582635 0.071961593484759 0.0178992865725425 -0.00899667062760323
2 -0.0678394768813102 1.35687395931941 0.197171343180605 0.101707847851941 -0.207794173686224 -0.262379904288335 -0.836881688201471 -0.16675850100498 -0.0436978598799798 0.0751121284460634 0.216726634852972 0.0816850178027548 0.267159928664059 0.279981450656573 -0.0321313912168939 -0.150680142735553 0.151441854864839 0.372657431616062 0.0627543400856002 -0.459266111940447 0.097726040058275 -0.0366191440958083 0.179502853708753 -0.330584541586236 -0.71771771642353 0.309829012877595 -0.147857074212879 -0.0493711059217191 -0.0719167657333021 0.0254963138656891 -0.38917562448644 -0.140095719499026 -0.162409393784193 -0.0540135553950713 -0.049464566013042 0.0786922719539946 0.00270570753838698 0.0328758620166213 0.0911103448324813 -0.195602140340025 0.102353983251175 -0.210463614110339 0.215645065352932 -0.438554814664626 -0.1505204518661 -0.10249940570872 -0.324002497194361 -0.51421379319095 0.0683992864143105 -0.652139477080766 -0.175416884747328 -0.198386206995915 -0.0811920333145357 -0.251201427015262 -0.0816093936023257 -0.19151046386152 -0.0267868017283432 -0.322054340179312 0.139418311497814 0.1223179546637 0.0075594529518664 -0.21282080871028 0.177377407576104 -0.0797946493651342 -0.0434243758936721 -0.186239595892934 -0.0265458977168665 -0.00434851370615346 -0.0170074912639417 -0.41367098631145 -0.1631730083758 -0.358079191564435 0.0163425684077866 0.472724256754613 0.0325051128765772 -0.126552318866377 -0.459039714812184 -0.233178716263152 -0.16729916775453 -0.217939120300481 0.101517717028529 -0.0537261593758257 -0.24056206903256 0.103919143851579 -0.203236504267476 0.317335433945536 0.0290086800701112 -0.202757907245035 -0.0295107015346813 -0.00104982170441403 0.0410412603178119 0.713214149734401 -0.20136313919711 0.480128418485649 -0.110921878744448 0.421496076134561 -0.00093115353288914 -0.420920213221674 -0.14937170032615 -0.0941309155641963
3 -0.0704575506184942 0.197171343180605 1.33717288895095 0.0284746730633698 -0.0808236623936519 0.102713674970129 -0.0907177165824271 -0.333833768363581 0.216723186472687 -0.0716030915391882 -0.178681569734441 0.212627348364041 -0.040436979812133 0.220450772880332 0.0754082045096097 0.120388109362903 0.0356821639887338 0.235168727667001 -0.169322235439934 -0.153479429421147 0.517439000765914 -0.196521760097813 -0.36645184314637 -0.0616624248704336 -0.0623442322530415 -0.2635017839051 -0.198290724458189 0.107666468387255 -0.03859369794659 0.112884779973797 -0.100343400962842 0.227777407740043 0.2342298452082 -0.0241054698041639 0.064129845409006 -0.190653268886982 -0.0020002377536673 0.0706724137306874 -0.00124827586696157 -0.148126634987703 0.036244589638196 -0.3596989290643 0.136315219906924 -0.462921996328513 -0.0750537455589868 0.37805529107027 0.0713712245697497 -0.0939413793670505 0.190106064033171 0.263445897510413 0.107974554026054 -0.132048275974911 0.149565041615155 -0.0956844234624131 0.0860022592042053 -0.0995558859962687 0.0848447083156141 -0.127950178467511 0.137565041568677 0.491683590806117 -0.130829488817387 0.0782130795141381 0.182416170882295 0.126190725176521 -0.238246254664247 0.175717597920185 0.0425453032475254 -0.15291522003018 0.0849309153600811 -0.39586730006176 -0.0168725327466038 -0.0259510108179676 0.0028795482011597 -0.0782717005234736 -0.0246175982086929 0.0954688463884164 -0.169638287946935 0.284969083919085 0.0428980974061427 0.228510106807328 0.0702511296333395 0.0237154577450421 0.0307655171894563 -0.00408858506149891 0.303087871502869 0.127174672905826 0.32454863251739 -0.00792330555487453 -0.03093662305338 0.0713596907720113 -0.0443076101050529 -0.213459928870693 0.047272889349905 -0.413260523362972 0.0912894173465674 0.291183353171813 0.0131510105233049 -0.512738524554754 -0.0199474434655896 -0.0681303210260792
4 -0.115445778839026 0.101707847851941 0.0284746730633698 0.115971938175345 -0.00868394767519716 0.0804744351367519 -0.155060879957553 0.0266051128761185 -0.119921759800936 -9.57193839279877e-05 0.0666211652996523 -0.0335442330546005 -0.0205541022592204 -0.000239001186426495 -0.00933947681279926 -0.0355426872767402 -0.0710036860855427 0.0196936979858192 0.0138435196199214 -0.0978428061787916 -0.0848630201805526 -0.151171462535365 -0.0163910820408302 0.0127819262073639 -0.00459286570777577 -0.0215938168613 0.0579975029000654 -0.00119892983559498 -0.00760023781599866 0.0488897740885101 -0.0995173602737971 -0.074098692028984 0.0321340071582428 -0.0126759809654265 0.0907857312826807 0.0816711057419736 0.0129902496988155 -0.0516655172402359 0.051848275867452 -0.0713092746785041 -0.0239649227010865 0.037830083166085 -0.014951843038179 0.0145567180762846 -0.0750414982226461 0.0533565993168254 -0.0959832342392134 -0.0181241379285697 0.043393460187726 -0.0806561236475336 -0.065126040426681 -0.0114862068888341 0.0402184304452371 -0.188575148637638 -0.0558039239037668 -0.152353388825398 -0.145739357888406 -0.0632297265136412 -0.0135367419697141 -0.0128762187704276 0.0195702734947055 -0.118946492268375 -0.0997024970052169 -0.0444595719281184 -0.0898343638450977 -0.00984054695174963 -0.0195529132033482 -0.0256516052308612 0.0189571938384801 -0.0664938169621874 -0.0600393579089686 -0.0542983353102729 0.019247681329724 0.0839120095345367 0.0525198573273312 -0.147173840659554 -0.125524970269834 -0.221243400687838 -0.0338262782345447 0.0354626635194783 0.0153135552911139 -0.0616351961968967 -0.0520689655173965 0.0707300832448247 -0.058821403087718 -0.0289384066514162 -0.0451784779984348 -0.0466141498291372 -0.0153118906094142 -0.00314577882806299 -0.0668051129572379 0.107898097530369 -0.138552913205503 0.0326875148784206 -0.00862009512370015 0.110765755064735 -0.0966120095059368 -0.033686444805127 -0.0201313912078018 -0.0165362663535279
5 0.187397621886449 -0.207794173686224 -0.0808236623936519 -0.00868394767519716 0.414441854963747 -0.148624256749761 0.163092627896856 -0.203426872658107 -0.0480319857665674 -0.0625927467327034 -0.146791914422626 -0.118665755071669 0.020028537454361 0.0325093935781653 -0.0975711058378732 0.194395005958295 -0.0252557669605183 -0.0904071343805783 -0.0275222354352722 -0.0496001189315237 0.164056242521148 0.192557550517669 -0.0495725327128709 -0.0139279428173642 0.165538525688329 0.255898216395074 -0.178611414881073 0.0824906064137901 0.0586338882386659 0.183495124860843 0.259373840658781 0.0142463733491571 -0.0994460166878333 0.116615219971021 0.0719712247367885 -0.0404739594362866 -0.0925657550545628 0.00471724137055293 0.0252758620707482 0.128925089189875 -0.160969203363332 0.125221759930315 0.0490600475561602 0.0269780025587911 0.147115219988867 0.214707015440298 0.137398810929941 0.0407034482734083 0.144075029714444 0.0874734839220274 0.0696469678905075 0.212562068972526 0.0548340071374464 0.236067300835285 -0.0986253270036807 0.343792390026624 0.116644708641701 0.00976016645662327 -0.0426556480503379 -0.0935439952798853 0.0810636147386755 -0.0095662307000357 -0.0337010702057181 0.0148700356516021 0.263967538645453 0.0697969084231677 -0.00475469678559903 -0.0686324613673338 0.187941260392353 0.142236147564769 0.108199881098195 0.0578420927370972 -0.0862204518454514 0.0445007134194436 0.0483065398236689 0.0796447086568944 0.161223781204577 0.263675980929515 0.200291200956987 0.0824411414754893 -0.144783353162342 0.0297051129575357 0.121265517245686 -0.0616196195122558 0.157260285375287 0.039633293686508 0.0455969084341894 0.0372835909712983 0.0637702734923648 0.378811415007909 0.00424411413522344 -0.0230599286843822 0.174610820458977 -0.0355812128634646 -0.105238168859677 -0.0377649227156168 -0.0984420927800531 0.225637336666767 0.0791318668402321 -0.0347579072530284
6 -0.125609750210892 -0.262379904288335 0.102713674970129 0.0804744351367519 -0.148624256749761 0.989616408152472 0.292503566658282 0.536846372145062 -0.048785968793157 0.0921852556243456 -0.18089512466682 -0.028543043932412 -0.149558858487491 0.0557588585458693 0.124291914420122 -0.159924613516441 -0.110173127105213 0.119070749197416 -0.0425694411587711 -0.172162901124801 0.0235626641047488 -0.29964887007552 -0.0920629012304174 0.439649226101323 0.530128298655988 -0.344215933074768 0.762909749230903 -0.150986444578176 0.00055445893163973 -0.0395134363110159 -0.482903804732527 -0.184737455261626 0.0394468492964027 0.0223306779244382 0.164070986960747 0.348216764443321 0.0693569559361187 -0.0617172412964274 0.0114482758692882 -0.10850023780309 -0.121977526586692 0.288986800407834 -0.0583072531698149 0.42067704945307 -0.196045184309339 -0.0668784776420011 -0.221301426676361 0.176468965595373 -0.169626515819182 -0.0249235430750672 0.0111322236555349 -0.350817241284304 0.124079429283676 -0.306987514703136 -0.193649702728674 -0.250649821489641 -0.377352556038237 -0.0357546966695378 -0.158506777581757 0.195947205988192 -0.163723662192908 -0.170708442141024 0.0124683714500206 -0.294737336323757 -0.404396194810489 -0.348514744136164 0.00988263967323473 -0.0497099880636861 -0.084983590682835 0.0646288931421636 -0.0056870391807384 -0.27074672996293 0.0693878715317148 -0.381257074742922 -0.18842318656088 -0.083924969983893 -0.05653697956291 -0.332768132524508 -0.036865041491107 -0.0278120092199499 -0.0359765755331837 -0.163222829921465 0.0163241380030185 -0.0277821640374944 0.190159928812665 -0.257080737095034 0.197861117856518 -0.00126658744031575 -0.0380011890865573 -0.128871819173659 -0.19242568358365 -0.234678121057805 -0.236200118836297 -0.206340903530372 0.00370868017186525 0.247238644503619 -0.256046373159184 0.400513078346084 0.0170127228787059 -0.0443053508115501
7 0.356892033383307 -0.836881688201471 -0.0907177165824271 -0.155060879957553 0.163092627896856 0.292503566658282 1.81202806169384 0.245182044491481 0.148335434188067 -0.0366348394986412 -0.512956361409815 0.17854851372823 0.0733024970504856 -0.330436979795775 -0.0848530321011627 0.0329705113297484 -0.105847681265921 -0.26208941734154 -0.0230605231963264 0.411403567333798 0.0102575508778512 0.033563139317997 -0.291234363831783 0.138338287173585 0.702354577365877 -0.269494767950071 0.252121759191945 0.268099048858824 -0.0513683710176538 -0.148515814476802 0.537105469903771 0.118688109498628 0.0980667064823051 -0.0916393578271583 -0.209960879911057 -0.118605351542063 -0.0402101070617183 -0.174406896518398 -0.0249241379299694 0.0692576694587184 -0.493282520755025 0.0745506534007731 -0.228697978559262 0.0413357897620262 0.101767538662008 0.212279191665732 0.282270154727503 0.386834482830156 -0.0671681330407245 0.281660999022722 0.33516337702689 0.202051724229729 -0.00908917953725022 0.619322354506139 0.125235671845171 0.420845541161628 -0.317120570510011 0.387474316396763 -0.169702972623299 0.154881926440647 -0.306932580217994 0.423400713592914 0.223266587677572 0.0236127230686701 0.0132048752818304 0.057892746876006 0.054044351943271 0.13759108208679 -0.0391929843834548 0.455198334774082 0.361086325870319 0.281885493569541 -0.062562306815399 -0.372331747839632 -0.266037574263066 0.419679429458756 0.462386563787736 0.557530916014395 0.246567419834999 -0.409196313784872 -0.261844233094696 0.0686673008718718 0.255500000064136 0.000788585049200381 0.08489488712517 -0.461053983314374 0.0910272295653488 0.0535681331549965 -0.0498875148805859 -0.244214863224245 -0.023688941656804 -0.972878002331064 0.356137455496371 -0.270604993981743 -0.070489417350795 -0.104148870397245 0.00519036873908941 0.429479904150421 -0.019676694453748 0.119399286555655
8 -0.103813911891683 -0.16675850100498 -0.333833768363581 0.0266051128761185 -0.203426872658107 0.536846372145062 0.245182044491481 0.812680378926368 -0.0172910816625753 -0.0272736028985805 -0.129263733400675 -0.00754863249585132 -0.0221744351611667 -0.00455315096082516 -0.00482734836849785 -0.120200594471502 -0.103819857147598 -0.0972141497299129 0.0321994054556253 -0.0792191436246839 -0.242917359520909 -0.196510225491639 0.0742153390015283 0.412852911872952 0.438830200834449 -0.341811295627363 0.712534600253423 -0.0526675384612883 -0.0293336504784769 -0.134705588496605 -0.310632342079586 -0.0234028535318641 -0.0848293694121205 -0.150221997431448 -0.0780776456353246 0.627571817576333 0.0735203328462734 0.0415103449468534 -0.0736827586197925 -0.0703709869018454 0.0742341262797664 0.42268608667184 0.0187711059654219 0.759992863479681 -0.108032342441849 -0.278501545329246 -0.0805810936609621 -0.144124137865321 -0.248271937868809 -0.195896670223017 -0.133148513542726 -0.249855172270738 -0.00668347203057106 -0.210043876111725 -0.0108224732150927 -0.292401069955002 -0.189312246721719 -0.0898476811800915 -0.0956938167911419 -0.00984875114714706 -0.0979476811729155 -0.0127010698884675 -0.143682639128611 -0.0892173600230254 -0.219219381405388 -0.14870808530307 0.0409041616611901 -0.0351469678331986 -0.218905350419316 0.343319737092203 -0.0601225920815965 -0.11376099863196 0.0592658738920399 -0.136602377868955 -0.112316052148051 -0.0863639710843549 -0.12112984513705 -0.393660165620438 -0.147751129453546 -0.0847313908257586 0.0656491081791357 -0.101187158078805 0.0375896552674518 0.114686088073577 -0.0247388821060509 -0.124950059273891 -0.0383770509767245 -0.0194625446490785 0.00904851364613744 -0.20312080844894 -0.068249345835367 -0.117631271983027 -0.0916027347282926 -0.081895956973813 0.0385134364263687 0.0715750297451587 -0.210607966427334 0.547628416836736 -0.0334935791689611 0.010432104593644
9 0.196894411404091 -0.0436978598799798 0.216723186472687 -0.119921759800936 -0.0480319857665674 -0.048785968793157 0.148335434188067 -0.0172910816625753 0.675912247299883 -0.0478834720518315 -0.0382334126687142 0.1411142687214 0.00817395956407405 -0.191891200981332 0.0243284185454537 -0.159265873991191 -0.0366850178801721 -0.176340903726488 -0.037938287752318 0.145648513627798 0.48491165265736 0.147922829874049 0.0546105826188417 -0.343737217313243 0.136953983680005 -0.115230915699796 -0.04116682486765 0.147715338852614 -0.0859332936923573 0.00348216406712145 0.067952318581738 0.159958977372904 0.0767196194162623 -0.0243442331058915 -0.147328656383048 -0.209607252883445 -0.0049891795258838 0.101558620672543 -0.0640137931114297 0.0301774078448163 0.296783234219306 -0.267860760708097 0.304376456596486 -0.37629738358372 0.0186316290106811 -0.112676100002738 0.167729964278472 0.137551724132594 -0.196632818167918 0.185556480299118 0.0789302021142945 -0.141903448328318 0.0767664684909255 0.32564470865404 0.0519403091532738 0.244011771670746 0.220282996309356 0.0656555291009699 -0.0288990487781551 0.162053507665239 -0.233182401963976 0.263339357870241 0.287753864335029 0.325632342417586 -0.10629369805955 0.202137217542143 0.0213783591111575 0.019613198559753 0.291269203270076 -0.147103329070268 0.132386444703581 -0.176553151071803 -0.0208384066436953 -0.269294530408607 -0.163699286621503 0.291493341198356 0.0656489892356848 0.0772066585408147 -0.0107789536668208 0.210734958313833 0.132614982184159 0.0306897740637361 0.00312758618591298 0.0934357907174868 0.372265636141347 0.198209274647504 0.00391307963099623 -0.0361051129508466 0.0172697978680782 0.0538875148377527 0.32836694410187 -0.202476694506013 0.236619738401391 0.0960072532260724 -0.089865041634438 -0.167511533907011 -0.13837098700321 -0.139843638128109 -0.102515457776462 0.115633055907323
10 0.099967181939118 0.0751121284460634 -0.0716030915391882 -9.57193839279877e-05 -0.0625927467327034 0.0921852556243456 -0.0366348394986412 -0.0272736028985805 -0.0478834720518315 0.281444233081752 0.104988822846719 -0.0271398335319316 0.0416696789585659 -0.0615041617168488 0.0164070154600424 -0.0307916765766541 0.036264209282623 0.199211890628077 -0.0232778834747244 0.0596576694534842 0.0393568371226082 -0.103984423304068 -0.082338882288012 0.062379904846204 -0.107302140353903 -0.0267832342351964 0.098787990459132 -0.0858475624290893 0.00517455410123309 -0.0735700356762723 -0.0595816884615945 -0.0688772889428081 0.0271491082171911 -0.0695816884675347 0.10390428062908 -0.0241468490362822 -0.00786397146579695 -0.0461206896566398 0.0999206896649432 -0.0408372176013614 -0.0628260404281379 -0.0883535077721156 -0.0332334126037148 0.00291712241650795 -0.0190161712260928 0.059859571956081 -0.152733650423567 -0.0875275862132434 0.157479548180314 -0.0851017835882158 -0.00365184304065529 0.0643620689759516 -0.0441796670665562 -0.0641650416169714 -0.106926753873864 -0.0160195005902428 -0.0982871581385924 -0.015187633766678 -0.0791107015507262 -0.101631272295918 0.213419262807137 0.127028775286538 0.0404431629205203 -0.0430776456571243 -0.0971838287767952 0.0497373365171983 -0.0478651605291757 -0.0216665873963561 -0.111518192628921 -0.0551901308364145 -0.0210078478002961 -0.0833356718223839 0.000705350771084869 -0.0144839476759303 0.0727592152315805 -6.9916755877027e-05 -0.0344959571895314 -0.0248576694208667 -0.0178945303184573 -0.173405350779688 -0.017680618314037 -0.0424177170056849 -0.0582689655204819 -0.100746611184971 -0.10975219976811 0.195093935814291 -0.0633281807392765 -0.0819347205800631 -0.053282639720467 -0.0969190249761836 0.018497740791355 0.0177205707590692 -0.103916884667998 -0.00506004755708198 0.0706084423382763 -0.0474538644513281 0.108808085630435 -0.0356668252566444 -0.0445209274739479 -0.0478977407905085
11 -0.07879904877932 0.216726634852972 -0.178681569734441 0.0666211652996523 -0.146791914422626 -0.18089512466682 -0.512956361409815 -0.129263733400675 -0.0382334126687142 0.104988822846719 0.921716765801684 0.00249595718054031 -0.0829527943063483 -0.184543757457286 0.131184304407841 -0.0992193817091334 0.167900237800406 0.142802853743173 0.00419785969396819 0.0985772889100115 -0.0063852557737234 -0.212373365133192 -0.159739952470672 -0.0666543398609693 -0.272189892796591 0.097269678886494 -0.0954216406779131 -0.0471907253613936 -0.00592734838588944 0.0611309155664632 -0.171672294966927 -0.259549583887907 0.0166590962529721 -0.188168846661714 0.156352199772063 0.10196682549516 -0.0386868014150586 0.0372241379162942 0.0203103448282656 -0.115201070169615 0.194823543382495 -0.255336979594618 0.0786690844090489 -0.245956717862224 -0.0542102259295665 -0.132397978685202 -0.165889179608901 -0.0128517241517846 0.0638237811675418 0.0942940546381854 -0.1413532699532 0.11939310343319 -0.165487395977346 -0.176452437630283 0.0743453032124896 -0.243991438822872 0.122853150923862 -0.0798185493791021 0.209485017839661 -0.030189298511116 0.155578002366309 -0.167463852614958 -0.402028537589131 0.21257681329482 -0.334265636227725 0.167385374518759 -0.0194643281738712 0.0242688466030977 -0.0585020214681613 -0.131751010500237 -0.202777883503595 0.0705741973606728 -0.0125511295971891 0.0021569559628226 0.20502841854018 -0.166822711135597 -0.169937098755408 -0.0463738408109496 -0.234425445946893 -0.136093698052486 0.235614030943164 -0.00884756243859222 -0.135224137958498 0.0823630202104656 -0.206151010749752 0.225741854925874 -0.114700832378289 -0.126837574319312 -0.159443281818043 0.0106181926079246 0.255518906058851 0.153253626598327 -0.297226397193758 -0.0442737218002269 -0.0329730083325241 -0.0755278240281293 0.117591319821074 -0.0765721757080594 -0.0307306777527058 0.000619024977427475
12 0.0530149821625754 0.0816850178027548 0.212627348364041 -0.0335442330546005 -0.118665755071669 -0.028543043932412 0.17854851372823 -0.00754863249585132 0.1411142687214 -0.0271398335319316 0.00249595718054031 0.543348394815765 -0.0463177170099166 -0.112416765768411 0.16013210465129 -0.1312837098854 -0.16506349586312 0.0494449464917958 -0.0876354340146401 -0.15793614747201 -0.194898810998641 0.136919500584501 -0.0912258026304493 -0.354146373328547 0.186218668339418 0.0619026159145105 0.0395677765366838 0.230006420939783 -0.0792014268772855 -0.0197199762258985 -0.0581662307039427 -0.0458231866980423 -0.244575267582371 0.100482045183362 -0.139695957208847 -0.13158026151587 -0.0415653983342551 0.105351724142073 0.0174034482771165 -0.161072889434084 0.0546966706234644 -0.127329845364218 0.0668992865629431 -0.0698769321152729 -0.0568662306841371 0.291143043998558 -0.0260787158315739 -0.0935793103578863 -0.0279392390205607 -0.0768263971755769 0.225247205721617 -0.187979310371439 -0.126503210477244 0.103283590960337 0.25660749110496 0.0932382877498651 -0.212732699220049 0.0960009512494418 0.135876099888807 0.174056480379623 -0.0296749108319673 0.0907831153337886 0.186453983340073 0.211756361480739 -0.0473889417562455 0.0222325802470381 0.0785687277154709 0.0625076099907157 0.078860404268853 -0.031576694344959 0.0486052318675409 -0.104386563634532 -0.0326552913192092 0.201603091563285 -0.026218787170007 -0.0442085612607856 -0.0773739595946454 -0.0947397146801936 -0.0474473246267723 -0.162217122508543 -0.000411771698762266 0.0178508917932723 0.105500000005386 -0.0277091557733167 -0.0935560047744454 0.0606281807331685 -0.0107053507819877 -0.156871105838453 -0.123743757441984 -0.106133293714933 -0.0857513674376343 -0.017904518448817 0.10391010701922 0.0882147443486568 -0.150644708696496 -0.015626159336231 0.111576218782413 -0.223566944044534 -0.0949573127272322 0.0726479191531356
13 0.0106400713417803 0.267159928664059 -0.0404369798121329 -0.0205541022592204 0.020028537454361 -0.149558858487491 0.0733024970504856 -0.0221744351611667 0.00817395956407405 0.0416696789585659 -0.0829527943063483 -0.0463177170099166 0.64723638531678 0.0847567181996099 0.0184888228311337 0.119490011900463 -0.0217287752735593 0.247082283017816 0.232827942947767 -0.0468002378224439 -0.0880564804066582 -0.0843124851549113 -0.163189893002689 -0.103335196174177 -0.0625057074667338 0.00212746729020095 -0.117857312700937 -0.15899809752243 -0.0231356718201392 -0.0768097503068979 0.087361474434566 0.043920332936326 -0.0895058264145784 -0.0517695600571288 -0.133167895376136 0.202393460225152 0.0677891795568459 -0.177220689674733 0.0586896551778523 -0.0670774078547913 -0.0522590963241402 -0.135590963121515 0.196899405485442 0.141387039302706 -0.0493592152251078 -0.0848859691032682 -0.0413196195109089 -0.215386206918961 0.235974197399373 -0.147139239024863 -0.0394543400783682 -0.131962068981912 0.0717990487577504 0.0985208085651305 -0.0380609988153044 0.190267538657565 -0.0591381688662476 -0.0112796670677055 0.190574910836386 -0.067125921536079 0.301885850203477 -0.159504875169919 -0.0379228299814563 -0.189473721784047 -0.0459338882395398 -0.0365820451950872 -0.0411956004783306 0.00498335315001406 0.0483652794254519 0.117044708721668 0.101865279437285 -0.176819262803606 0.0561280618381741 0.272408323444603 -0.224045541048123 0.117548038052497 -0.10584209276354 -0.0734135553182817 -0.0457451843125646 -0.0962108204696797 0.0402263971508191 -0.0667070154658857 -0.127355172428043 -0.103511652805826 0.0849929845463148 0.195270035686215 -0.0665992865735141 0.000715457789708999 0.277933650443432 0.106740071350894 0.163384780035197 0.150004280625402 -0.0566818073803029 0.114465160529017 -0.0695832342524509 -0.131150535090112 -0.0891324613707956 0.173998810995737 -0.0729259215268812 -0.0446089179580816
14 -0.182381450675338 0.279981450656573 0.220450772880332 -0.000239001186426495 0.0325093935781653 0.0557588585458693 -0.330436979795775 -0.00455315096082515 -0.191891200981332 -0.0615041617168488 -0.184543757457286 -0.112416765768411 0.0847567181996099 0.709450178425487 -0.0892922711151904 0.178085850193266 0.150504637345578 0.246524613575814 0.164234126056674 -0.252351486357863 0.0631357907073648 -0.349332342496585 -0.0447825208162668 0.352076575580664 -0.242359809732422 0.0555242568277412 -0.0743219975839047 -0.19462259217657 0.0256770511338794 -0.0646626635051172 -0.135244233081013 -0.19498929847947 -0.207735552945091 -0.141720095144662 -0.0430700356769203 0.336782401987969 -0.00729607609760026 -0.0636965517337505 -0.0828551724219675 -0.0338915576734542 0.128359096319123 0.128604756296302 -0.0178787158204006 0.296088822926251 -0.0677821640974048 0.0940101070099438 -0.0696700356871006 -0.117231034496406 -0.0987121284378694 -0.173774554131877 -0.14444565994688 -0.18438275864343 0.125000951259654 -0.276303567215879 -0.101828656372202 -0.126119262801412 0.128403686081357 -0.165506539854262 -0.12374387635267 0.00283281806362738 0.332000356744852 -0.209508917983022 -0.0135806183311132 -0.285302140344727 -0.191445422144124 -0.169069678979674 0.0217197384104134 -0.121773008337081 -0.0710445897922945 -0.188299881070901 -0.173889417379261 -0.117146254475979 0.00486848989568197 0.0102985731201266 0.0458214030904166 -0.28161355533006 -0.147892390035091 0.0455652794066189 -0.104251367434846 0.213134958391601 -0.0465367419773313 -0.00145850178604465 -0.120910344841949 -0.0626400713518331 0.00528977407351908 0.210264447101108 0.101678596913406 0.0161121284218423 0.236938763400498 0.127904756250799 -0.254202021433153 0.347102615956797 -0.136163020230723 -0.254006539864794 0.0441418549376873 0.321119500624916 0.0730152199740932 0.00820118911522035 0.0632224732550294 -0.0712910820506475
15 -0.0296755053556845 -0.0321313912168939 0.0754082045096097 -0.00933947681279926 -0.0975711058378732 0.124291914420122 -0.0848530321011627 -0.00482734836849785 0.0243284185454537 0.0164070154600424 0.131184304407841 0.16013210465129 0.0184888228311337 -0.0892922711151904 0.414433769361482 -0.10863614745506 -0.142295600492083 0.230380380519827 0.0316328180770285 -0.141466706319764 0.0240555291215323 0.169851367428735 -0.0706391201037028 -0.178975980970058 0.236305945347661 -0.0377557669555254 0.117230677799748 0.0348439952440467 -0.0449611177203451 0.0313960761012474 -0.0729581450788555 0.0148223543379944 -0.0244670630289336 0.0584487514886045 0.0192536266362817 -0.013774078451038 0.0640217598174616 0.133975862079927 0.0158551724151808 -0.0561353151068544 0.0955079667116868 -0.0842720570609704 -0.0156684898967067 0.0642696789958788 -0.161354696805277 0.0346149821596924 -0.0339532699245917 -0.0530448275925721 0.0618123662313538 -0.0499617122590066 -0.114288941749308 -0.292524137961747 -0.0895082045274388 0.0515109393588535 0.0849329369873989 -0.0740105826504868 -0.0922011890795246 0.0705189060683669 0.163746967909376 0.16113590964131 0.0299671819264236 -0.0363967895440794 0.0100996432730622 0.111579667069316 -0.118586682537085 -0.0162516052386613 -0.00834007134354622 -0.0560659928720642 0.131353983359661 -0.0828730083095426 0.120526397156557 -0.0384411415049734 0.0542265160586953 0.12733127230278 -0.020779429255817 0.106526397150195 0.0465033293694457 0.117587395954109 -0.0277397146308255 -0.051067895373759 0.0139561236641564 -0.157700594546651 0.175493103463598 -0.0915513674296722 0.0484649227127958 -0.0767774078582444 0.149644946504063 -0.00233995243686759 0.0187510107038101 0.0494175981001019 0.0413204518439583 0.131628299650652 -0.0372986920388078 -0.0316879904942392 -0.0484644470920477 -0.019600951250582 0.0535135552915984 -0.0968576694218341 -0.0634434007180005 0.00457265160639263
16 0.0969629013118086 -0.150680142735553 0.120388109362903 -0.0355426872767402 0.194395005958295 -0.159924613516441 0.0329705113297484 -0.120200594471502 -0.159265873991191 -0.0307916765766541 -0.0992193817091334 -0.1312837098854 0.119490011900463 0.178085850193266 -0.10863614745506 0.58067657555795 -0.0394920333049363 -0.0343768133250757 0.0406455410272129 0.165099524380507 -0.0860957194234882 -0.0631697978848543 -0.118214268743801 0.341574435287054 -0.196042449426271 0.0761894173470691 -0.248262901268709 -0.126251367439846 0.0697493460258598 0.0795046373397991 0.289119500605188 0.144240665878571 0.0668917954711941 0.0405022592103731 -0.0495633769383348 -0.0468096313212796 -0.0414906064207347 -0.0517724138029729 -0.0388344827626759 0.0222796670640801 -0.216783709899853 0.249973246217385 0.127312604049149 0.0767568372010077 0.0870746730158968 0.281669441148177 0.148602140311346 -0.116679310359387 0.172089774081158 0.281742211661624 -0.0910741973989285 0.271810344846499 0.0873187871653479 0.0487416171166574 -0.109256480392327 0.185097146262487 -0.0676073722089112 -0.137393816904644 -0.0203984542274916 -0.121069084449386 0.0928923900136182 0.114845422116134 0.103923305572984 -0.190575029756302 0.490656361508457 0.207594530327138 0.0230087990532957 -0.0482263971536643 -0.103552199788057 0.0521480381123321 -0.0467108204595682 0.462892508954186 -0.0340887039240446 0.409109750325127 -0.125556599306312 -0.0368177170235552 0.0317847800141867 0.409376337694683 -0.0522938168968338 -0.0688354340300547 -0.0858161712316002 0.0837135552961008 -0.0167068965572201 -0.157209512503259 0.171961831162212 0.0691711058248772 -0.0550054696908896 0.0434860879970973 0.116970749120635 0.285273246157252 -0.0472580261718592 0.0856120095069162 0.0562053507731611 -0.125193816906353 0.168516290145336 -0.0777148632659681 -0.0336994054856476 0.155094173692896 0.0830757431748259 -0.110683353159703
17 0.000192627810489214 0.151441854864839 0.0356821639887338 -0.0710036860855427 -0.0252557669605183 -0.110173127105213 -0.105847681265921 -0.103819857147598 -0.0366850178801721 0.036264209282623 0.167900237800406 -0.16506349586312 -0.0217287752735593 0.150504637345578 -0.142295600492083 -0.0394920333049363 1.24204470878049 0.175808917960933 -0.0997265160600498 0.208468252073324 0.296534007079221 -0.0281202140811906 -0.119900713459757 0.48930130815832 -0.212079191316132 0.388241022578266 0.195514268903316 -0.113056361505221 0.0990309155924854 -0.128832699190736 0.0966637336172937 -0.050939001216835 -0.29114851374384 -0.235205231911063 -0.130086444724536 0.484932104868976 -0.000663495827985122 -0.0466241379477253 0.0564000000045576 0.175947086815598 0.0136261593108026 0.168375386604957 0.111808561232775 -0.0547871579139112 0.264277526777263 -0.479785493556606 -0.175469203376132 -0.237272413824253 -0.162236028587327 0.214044351937275 0.0714024970188918 0.0932965517153648 -0.117509750311395 0.139714149808922 0.015368727703182 0.129085374542329 -0.0197903686765511 0.0176954815542587 -0.206395957224466 0.0295325802283527 -0.278004518474894 -0.0574973841004414 0.0546453031520923 0.0759788346991183 -0.129860285419232 -0.15024958387747 0.0063752675450841 0.0726604042806252 -0.0901869203812884 0.0371651606696238 -0.123642092766665 -0.247609512528977 -0.0128158145000032 -0.252130202192594 -0.00866076101887448 -0.188121403150551 0.137997859672597 0.0771834719705355 0.100871343630345 0.0268123661925965 0.214603329393702 0.0883927467304931 -0.108203448295919 -0.0338694411523873 -0.227393460207256 0.000792865615956799 0.371940071362646 0.13083258028021 -0.0165990487500085 -0.104848751510336 0.292485374562189 -0.571590606509918 0.152151129609457 -0.0599424494948229 -0.00163935791137893 0.329782877557078 -0.0567904875520213 -0.0021932221673746 0.0846118906244071 -0.0840370986953393
18 -0.123036741993442 0.372657431616062 0.235168727667001 0.0196936979858192 -0.0904071343805783 0.119070749197416 -0.26208941734154 -0.0972141497299129 -0.176340903726488 0.199211890628077 0.142802853743173 0.0494449464917958 0.247082283017816 0.246524613575814 0.230380380519827 -0.0343768133250757 0.175808917960933 0.883093222432706 0.104474910831504 -0.272629250933764 -0.0395436385775622 -0.151649464964691 -0.192839595744706 0.376808799168379 -0.0969261592609135 -0.00771117720024058 0.171550535184261 -0.13329013082095 0.0140054696839355 -0.0138268727780343 -0.226166230723877 0.0147733650298174 -0.00855112963253289 -0.0980351962169278 0.152428180749847 0.158857669563244 0.00936218787845883 0.14678620690355 0.0527551724183555 -0.122490130809943 -0.00419643283268697 -0.152740190181145 -0.0866903686254974 0.14658168861658 -0.0826386444798811 -0.165643162946315 -0.083926991701903 -0.219410344853458 0.345974554115567 -0.456740190319502 -0.148676932246606 -0.163517241405188 -0.0183273483981831 -0.329295719428277 0.0308281807382068 -0.184144470899574 -0.0800809750753999 -0.195305945331716 0.335451961975891 0.102742687266071 0.371369916791016 -0.163782401934538 0.0532953626318912 -0.098519500620542 -0.416075148691025 -0.0259915576917299 -0.0533485136759398 -0.118057907268582 -0.0213706302271097 -0.00333876329479402 -0.156839595739071 -0.174852080884487 0.0286688466184017 0.0759203329280053 0.0351570749030876 -0.064743044025095 -0.301846373412098 0.267949940518412 -0.203154221195024 -0.13806195009613 -0.0360359096329024 -0.107821522012595 -0.00914482759267757 -0.173429845443135 -0.033787039253209 0.0922523186653899 0.286632580279454 -0.11664007135129 0.105666587407845 0.160335671826552 -0.183820332966074 0.230871343640854 -0.247320927498322 -0.249726634996238 -0.0148033293735059 0.227556599307628 -0.010358263990763 -0.12807039229425 -0.0441124851352593 -0.0619520808593207
19 -0.204847443537907 0.0627543400856002 -0.169322235439934 0.0138435196199214 -0.0275222354352722 -0.0425694411587711 -0.0230605231963264 0.0321994054556253 -0.037938287752318 -0.0232778834747244 0.00419785969396819 -0.0876354340146401 0.232827942947767 0.164234126056674 0.0316328180770285 0.0406455410272129 -0.0997265160600498 0.104474910831504 0.42970416175321 0.0428719381756416 -0.170150891803596 -0.174507728906223 -0.0838590963207759 0.0052916765618418 -0.0440562425865809 -0.159638168856897 -0.0513284185696177 -0.198530677781619 -0.0176299643304866 -0.103222948879223 0.159667776476033 -0.0586282996466533 0.00295386445145875 -0.0456149821663321 -0.0456771700397125 0.111621403084116 0.117995600485906 -0.118668965527405 -0.0388758620726063 -0.0417617122510622 -0.0217250891792163 -0.0246612366395369 0.141885017850918 0.214912009509921 -0.113656361485132 -0.154361593351095 0.192412485158097 0.139565517255568 -0.0756447086840224 -0.178868133187497 -0.136453507740463 -0.0439310344852334 0.133760166481579 -0.169137693235994 -0.0187288941750623 -0.0646028537493649 -0.0155694411365413 -0.0419869203352923 -0.0775432818137311 -0.084913912014112 0.28174066590268 -0.235278715834257 -0.0853870392409502 -0.0971198573192095 -0.166140190262452 -0.0155192627805288 -0.0382946492313471 0.222194292530872 0.0323512485206586 -0.11517954818197 0.0302478002415007 -0.0135040428055068 0.100228537464246 0.102302853758091 -0.17318763378402 -0.131400475632826 -0.13197384067543 0.0709970273643865 -0.0744696789590103 0.0367714625520898 0.0728596908508806 -0.102693341269449 -0.0467000000035211 -0.0960681331832418 0.0510307966773783 0.0493021403158608 -0.0136020214027686 0.0777240190318159 0.331715576725871 0.0355387633817032 -0.03767181926444 0.31294304402856 -0.0669843044046928 -0.0789938168898597 0.0259369797888407 -0.0456734839519324 0.0844281807484051 -0.0347713436601774 -0.0368311533933163 -0.0386212841896556
20 0.0940764565882308 -0.459266111940447 -0.153479429421147 -0.0978428061787916 -0.0496001189315237 -0.172162901124801 0.411403567333798 -0.0792191436246838 0.145648513627798 0.0596576694534842 0.0985772889100115 -0.15793614747201 -0.0468002378224439 -0.252351486357863 -0.141466706319764 0.165099524380507 0.208468252073324 -0.272629250933764 0.0428719381756416 1.05156123668304 0.0214764564776444 -0.0617764566756622 -0.122590487544211 0.053435434226624 -0.00201997600731828 -0.300998692137718 -0.138724732242309 -0.150572651649207 0.0297751486447744 -0.11277550537748 0.416537574293417 0.0739280618043247 0.497402021388863 0.0722065398082826 -0.0667152199876431 -0.243093578821543 0.0321397146438732 -0.185086206932378 -0.136265517255673 0.11386183116033 -0.212443044052053 -0.17001664665184 -0.114107253302391 -0.216043638196185 0.165665160536229 -0.137654340159311 0.118688228266638 0.363693103470609 -0.175474791982038 0.507766111753428 -0.0840195006252205 0.456672413810607 -0.0135791914443266 0.259236623053954 0.0707399524393088 0.0568605231563912 -0.152249108316617 -0.0117098692296175 -0.171792984574783 -0.0298562426246396 0.000510820425477193 0.292215695586473 0.289961474368773 -0.0180373365484276 0.258983115315928 0.188450772856654 0.0649998811087911 0.213762425693885 -0.132000832413901 -0.0235986918239763 -0.0445629013242242 0.182025683697482 0.0112051129733301 -0.0353708680593333 0.0907664684701007 0.00952675380467253 0.0544526753450723 0.213049108085825 -0.0938305588939 0.219770749069053 0.0115992865696976 0.0267323424400991 -0.097044827609858 0.0380661117640219 0.163566825195586 -0.120466944155694 -0.0209768133440725 0.143902378144081 -0.00382877526336343 -0.134709750330852 -0.00732913201592571 -0.321971224814029 0.215855053509559 -0.0080822830329851 0.285298335336539 -0.180868252100023 0.104036385218636 -0.14461795455237 0.0346747919323459 -0.00312259214548003
21 0.379432580236956 0.097726040058275 0.517439000765914 -0.0848630201805526 0.164056242521148 0.0235626641047488 0.0102575508778512 -0.242917359520909 0.48491165265736 0.0393568371226082 -0.0063852557737234 -0.194898810998641 -0.0880564804066582 0.0631357907073648 0.0240555291215323 -0.0860957194234882 0.296534007079221 -0.0395436385775622 -0.170150891803596 0.0214764564776444 1.22717740758942 0.211043281613475 -0.0705511296678747 -0.0909913192146266 0.0208590969590658 0.0460434004881087 -0.0604429243890126 0.190533174720341 -0.0270073721501764 0.149765755019504 0.0232687275166582 0.0909439951494362 0.0257231864970467 -0.116548513783085 0.0912197384000858 -0.00207158061747161 -0.0455746729660452 0.0526896551224437 -0.0158137931087549 0.0761021403044068 0.231704637247874 -0.248777763941291 0.195920451796322 -0.473734838458463 0.0506583828738091 -0.0237902499322628 0.0736473244857868 -0.0335482759032223 -0.145540666042405 0.240842924908996 -0.0636175981724085 -0.0392000000834257 0.0822609988058622 0.432053150934648 -0.137663020242519 0.161396670537067 0.475324732210534 0.0172784779275616 -0.186935552980091 0.309833769189606 -0.0982904876045375 0.213810463626562 0.141688109120956 0.3315394767158 -0.14771010717469 0.171460285236591 0.0122872770785367 -0.261330796726919 0.16317990471206 -0.325194529709285 0.17919714623518 -0.214672532810318 -0.0598460166176468 -0.441913912178465 0.0526466110956658 0.500859215083526 0.309219024858322 0.487782163714426 0.195654340009812 0.313025326838746 0.0741512485358837 -0.0198186682902166 0.13807241376269 0.0978222354089655 0.462912366189434 0.352136979728494 0.346749940505463 0.0798923900469477 -0.0148617122349456 0.244956718153216 0.446517360238507 -0.25412449482774 0.251118311500693 -0.231783591094048 -0.114795362692344 0.13129702735534 0.0113277049713116 -0.116093578241434 -0.00186967890932423 -0.036872532681372
