1 0.54202755102041 -0.0940214285714293 -0.102594897959185 -0.116961734693878 0.190146938775508 -0.0920795918367347 0.391056632653062 -0.0581586734693871 0.192436224489794 0.104800000000001 -0.0894510204081655 0.0523627551020392 0.00990918367346796 -0.190399489795918 -0.0315346938775523 0.0983229591836747 -0.00503520408163178 -0.130452040816328 -0.211651020408164 0.089684693877552 0.369429591836735 0.31045663265306 0.0267653061224472 -0.0979423469387762 0.04964336734694 0.20063775510204 -0.0358841836734693 0.233195408163263 0.00843214285714346 0.135067346938774 0.188414795918369 0.120446428571428 -0.104870918367348 0.0551826530612254 -0.0740602040816316 -0.129742857142858 -0.122483163265304 0.0690025510204064 0.0543979591836758 0.0592586734693898 -0.0593357142857164 -0.0625979591836733 0.0650178571428568 -0.141846428571428 0.138184183673472 0.119019387755102 0.0213255102040814 -0.0408704081632668 0.0456255102040789 0.058583163265308 0.0682158163265329 0.207053571428575 -0.0975698979591849 0.527893367346939 -0.0715137755102053 0.416566836734695 0.00912755102040592 0.0294035714285695 -0.01632857142857 -0.0295780612244891 -0.112769897959184 0.363299489795917 0.222957142857142 0.125358673469388 0.297283163265305 0.13440969387755 0.0373627551020398 -0.121269897959185 -0.0275627551020394 0.176328571428574 0.16105306122449 0.115015306122452 -0.117437244897958 -0.0209290816326536 -0.0368714285714305 0.341277040816327 0.25928112244898 0.320035714285714 0.130708673469387 -0.132745918367348 -0.150264285714287 0.0445025510204105 0.109883673469386 -0.0642974489795904 0.222636734693875 0.204681122448977 -0.0581367346938778 -0.0352295918367356 -0.157734693877552 0.187565816326529 0.232787755102041 -0.210530102040817 0.270517857142858 0.0578790816326545 -0.110685714285714 -0.134244897959182 0.0601127551020422 0.127309183673471 0.0213260204081624 -0.00798163265306002
2 -0.0940214285714293 1.25757857142857 0.020003571428572 0.121553571428572 -0.239739285714285 -0.0353321428571428 -0.733571428571428 0.134267857142857 -0.116714285714285 0.0856464285714282 0.175725000000001 0.0687714285714291 0.269792857142857 0.280624999999999 -0.0382499999999995 -0.169139285714286 0.124296428571428 0.367178571428572 0.0681821428571432 -0.523875 -0.0452642857142861 -0.121364285714285 0.165060714285715 -0.0885357142857139 -0.492707142857143 0.231364285714285 0.121978571428571 -0.0861357142857134 -0.0634214285714287 0.00756785714285772 -0.477385714285714 -0.18525 -0.241449999999999 -0.0940285714285717 -0.0571964285714289 0.406278571428571 0.0209785714285708 0.0126107142857149 0.0928857142857133 -0.207278571428572 0.0628250000000007 0.0347535714285714 0.197828571428571 -0.0396821428571428 -0.159235714285715 -0.194721428571428 -0.388114285714285 -0.547364285714285 0.0106285714285723 -0.754635714285714 -0.208500000000001 -0.23652142857143 -0.0891392857142851 -0.305932142857143 -0.0904892857142851 -0.240667857142857 -0.143224999999999 -0.363357142857142 0.125303571428571 0.0634392857142854 -0.0234499999999999 -0.270132142857142 0.0721821428571429 -0.133017857142857 -0.101517857142857 -0.253053571428571 -0.0172714285714282 -0.0166892857142851 -0.0872607142857146 -0.177903571428572 -0.1832 -0.406175000000001 0.0305392857142853 0.440253571428571 -6.07142857136125e-05 -0.202935714285714 -0.5306 -0.406214285714285 -0.204553571428571 -0.296999999999999 0.111032142857143 -0.0697678571428579 -0.266157142857142 0.094221428571428 -0.243839285714285 0.293132142857143 0.00093214285714299 -0.199317857142857 -0.0251857142857139 -0.0255857142857136 0.00758214285714261 0.678599999999999 -0.230860714285714 0.454907142857142 -0.121842857142857 0.434357142857142 -0.0565892857142862 -0.107735714285715 -0.137371428571428 -0.0891821428571432
3 -0.102594897959185 0.020003571428572 1.15527091836735 0.0497051020408169 -0.11428469387755 0.401130102040816 0.0721043367346928 0.0369647959183669 0.13537780612245 -0.0643714285714291 -0.245830612244896 0.200484438775511 -0.0504941326530602 0.216659948979591 0.0719038265306131 0.108383418367346 -0.00362933673469451 0.220144132653062 -0.171396683673468 -0.219060969387756 0.353298469387754 -0.307563520408162 -0.405537244897957 0.252622448979592 0.247911734693876 -0.384531632653061 0.137620918367347 0.0678747448979606 -0.0261785714285718 0.093429336734695 -0.196572193877552 0.185855357142857 0.151284948979593 -0.0724489795918374 0.0589831632653053 0.207442857142858 0.0205890306122437 0.0464676020408175 -0.0031362244897977 -0.159264795918369 -0.0162999999999983 -0.0574566326530613 0.109369642857143 0.0373553571428571 -0.0818977040816345 0.281145918367347 0.00841709183673476 -0.115730102040815 0.121826020408165 0.174107397959182 0.0783959183673451 -0.175475000000003 0.148613775510205 -0.156150765306123 0.0816367346938784 -0.155869897959185 -0.0560984693877534 -0.169673214285713 0.118673214285713 0.430392091836734 -0.174498724489796 0.0190311224489802 0.0498839285714288 0.0678959183673468 -0.317247959183672 0.10698724489796 0.0568094387755108 -0.173568367346937 0.00113520408163169 -0.0976500000000018 -0.035177806122449 -0.07089617346939 0.0199540816326524 -0.142597448979591 -0.0675446428571413 0.00928443877550977 -0.244473469387755 0.0898017857142858 0.0054334183673471 0.147808163265307 0.0801017857142864 0.00695510204081462 0.010665561224491 -0.0209520408163275 0.272341326530613 0.0874122448979606 0.299844387755102 0.00511045918367416 -0.0253354591836727 0.043365561224491 -0.0894316326530616 -0.29599413265306 0.021151785714285 -0.480841836734694 0.0858732142857139 0.298849489795917 -0.0557280612244908 -0.121854846938777 0.000952040816327106 -0.0602025510204089
4 -0.116961734693878 0.121553571428572 0.0497051020408169 0.118334693877551 -0.00630306122448918 0.0574061224489796 -0.175214795918368 -0.00613010204081651 -0.116363775510203 -0.000960714285714546 0.0743489795918374 -0.0330051020408157 -0.0205301020408158 0.000779081632652871 -0.00912755102040769 -0.035377040816327 -0.0699673469387757 0.0224586734693883 0.0139882653061228 -0.0960474489795921 -0.0718204081632656 -0.147414795918367 -0.0146882653061218 -0.0146173469387752 -0.0322602040816331 -0.0125408163265306 0.0298801020408163 0.00259897959183743 -0.00908571428571448 0.0527030612244903 -0.0949173469387759 -0.0723392857142854 0.0413183673469392 -0.00894948979591869 0.094682653061224 0.0489500000000004 0.0114596938775504 -0.0511581632653054 0.0538622448979583 -0.0733413265306129 -0.0200821428571421 0.011448469387755 -0.0126857142857142 -0.0304107142857142 -0.0773551020408172 0.0649801020408163 -0.0936459183673467 -0.0171489795918362 0.0515505102040825 -0.0748454081632659 -0.0645091836734701 -0.00848928571428707 0.0422086734693882 -0.190288775510204 -0.057142346938775 -0.153151020408164 -0.138272448979591 -0.0622178571428564 -0.0119250000000005 -0.00639591836734715 0.023701530612245 -0.117739795918367 -0.0910249999999997 -0.0405198979591837 -0.086838265306122 -0.00359030612244862 -0.0213729591836731 -0.0252306122448974 0.0272765306122444 -0.0963607142857151 -0.0606255102040816 -0.0523632653061235 0.0184413265306119 0.0923244897959184 0.0580964285714292 -0.144544387755102 -0.123954591836735 -0.211071428571428 -0.0316020408163264 0.044550510204082 0.0152142857142861 -0.0622867346938783 -0.0520627551020402 0.0747275510204076 -0.0572632653061217 -0.0260724489795911 -0.0435974489795917 -0.0494510204081629 -0.0164489795918363 -0.000569897959183052 -0.0653586734693879 0.118344897959184 -0.141053571428572 0.0385040816326525 -0.00816428571428581 0.114962244897959 -0.0939586734693882 -0.070905102040817 -0.0227525510204079 -0.0180387755102045
5 0.190146938775508 -0.239739285714285 -0.11428469387755 -0.00630306122448918 0.425172959183674 -0.114692346938775 0.19102525510204 -0.159740306122449 -0.0616073979591823 -0.0635250000000005 -0.160124489795916 -0.125531377551019 0.019597193877552 0.0321176020408159 -0.101880867346938 0.199167091836733 -0.0315609693877557 -0.0967543367346925 -0.0279762755102032 -0.0593727040816334 0.145603061224489 0.185585969387756 -0.0548040816326517 0.0277086734693883 0.213051530612244 0.250177551020408 -0.139327551020408 0.0796272959183688 0.0625642857142852 0.18692168367347 0.256303316326529 0.00809107142857196 -0.115153826530611 0.114458673469387 0.0735515306122441 0.0119857142857152 -0.0928548469387766 0.00132729591836862 0.0259331632653042 0.132751020408161 -0.173885714285712 0.171641836734694 0.0465767857142858 0.0967446428571428 0.151815051020406 0.207676020408163 0.133585459183673 0.0397030612244909 0.139226530612247 0.0774512755102025 0.0676831632653043 0.214999999999997 0.0559545918367356 0.23690331632653 -0.10313775510204 0.349046938775508 0.10164336734694 0.00516250000000142 -0.0473482142857153 -0.107382397959184 0.0787670918367347 -0.0181586734693871 -0.053416071428571 0.0070403061224489 0.264010204081633 0.0623040816326538 -0.00322780612244825 -0.0731061224489784 0.183093877551019 0.188899999999998 0.109707397959184 0.0540477040816302 -0.0870403061224495 0.0378984693877555 0.04443392857143 0.0705614795918362 0.157825510204081 0.245755357142857 0.202252806122449 0.0735551020408172 -0.148976785714285 0.0284219387755084 0.122774234693879 -0.0660459183673479 0.157342346938777 0.0351505102040831 0.042393367346939 0.0403880102040823 0.0669405612244905 0.388274234693878 -0.00140102040816381 -0.03385637755102 0.177144642857142 -0.0438841836734705 -0.110151785714286 -0.039477551020409 -0.11119030612245 0.288172193877549 0.0848352040816331 -0.0346198979591845
6 -0.0920795918367347 -0.0353321428571428 0.401130102040816 0.0574061224489796 -0.114692346938775 0.646673979591836 0.0898227040816325 0.0648270408163264 0.0638058673469388 0.0829142857142856 -0.109365306122449 -0.00423188775510196 -0.143846173469387 0.0727201530612244 0.136684948979592 -0.144710969387755 -0.0620191326530612 0.153385459183673 -0.0491885204081631 -0.101177806122449 0.258783163265306 -0.176845153061224 -0.0619846938775508 0.0491647959183674 0.148014795918367 -0.213255102040816 0.349951530612245 -0.100374234693877 -0.0171285714285714 -0.0107808673469387 -0.381247704081632 -0.127091071428571 0.158045153061224 0.0840683673469386 0.179475510204081 -0.159010714285714 0.0427507653061223 -0.0296170918367346 0.0142229591836733 -0.104869897959184 -0.0572357142857141 -0.105083673469388 -0.0195589285714285 -0.227583928571428 -0.19770331632653 0.0724372448979591 -0.145136989795918 0.206429591836734 -0.0793387755102039 0.100920663265306 0.0544408163265305 -0.313664285714285 0.136587244897959 -0.244733418367347 -0.191020918367347 -0.191890306122449 -0.206051020408163 0.0106517857142858 -0.133616071428571 0.304145153061224 -0.119521683673469 -0.0972647959183672 0.191369642857143 -0.224662755102041 -0.328366836734693 -0.264697448979591 -0.00612117346938771 -0.0319877551020407 0.023419387755102 -0.333946428571428 0.0168298469387755 -0.223922193877551 0.0500841836734693 -0.315904081632653 -0.1411875 0.0280645408163265 0.0297132653061224 -0.0811089285714285 0.0118676020408163 0.0852433673469387 -0.0466839285714285 -0.146454591836735 0.0441140306122449 -0.00731887755102048 0.250304591836734 -0.209401020408163 0.251509693877551 -0.0184028061224489 -0.0479650510204081 -0.0942752551020406 -0.14341581632653 -0.146917602040816 -0.208944642857143 -0.145917346938775 0.0149767857142857 0.259576530612244 -0.176187244897959 -0.110353316326531 -0.0101168367346938 -0.0591852040816326
7 0.391056632653062 -0.733571428571428 0.0721043367346928 -0.175214795918368 0.19102525510204 0.0898227040816325 1.75666670918367 -0.0228007653061221 0.218049362244897 -0.0450214285714281 -0.487336224489797 0.199196556122448 0.0821483418367338 -0.333804209183673 -0.0834021683673476 0.0459373724489803 -0.0802809948979586 -0.254512627551021 -0.0267567602040822 0.469553954081633 0.142673724489796 0.109979209183673 -0.282836989795919 -0.0855676020408167 0.501487755102041 -0.198409693877551 0.0131132653061225 0.309227168367345 -0.0631767857142853 -0.136836862244899 0.623277933673469 0.159122321428571 0.16759400510204 -0.06057831632653 -0.212081887755101 -0.415621428571429 -0.0580317602040807 -0.161308545918368 -0.024481377551019 0.0759596938775521 -0.471969642857143 -0.150622193877551 -0.213861607142857 -0.330884821428571 0.108412627551022 0.299697193877551 0.339715433673469 0.413979081632652 -0.0152854591836749 0.363122831632654 0.371309693877552 0.23725892857143 -0.004863520408164 0.682692219387755 0.135085969387754 0.474024489795919 -0.224341581632654 0.428177678571427 -0.158550892857142 0.217429719387755 -0.289696556122449 0.483335459183672 0.331783035714285 0.0698668367346939 0.0646487244897952 0.114195918367346 0.0467590561224484 0.153490051020407 0.0221918367346946 0.24559642857143 0.386782780612244 0.323781760204083 -0.077068622448979 -0.341137755102041 -0.245134821428572 0.499451913265306 0.528631632653061 0.725924107142856 0.283571301020408 -0.359555102040817 -0.276504464285715 0.0838512755102053 0.27995344387755 0.0129048469387762 0.117986224489795 -0.445484438775511 0.120522704081632 0.0458521683673464 -0.0565182397959189 -0.230851913265307 0.00694923469387786 -0.953457015306122 0.388965178571429 -0.242074744897958 -0.0667330357142854 -0.105892091836734 0.0555206632653069 0.148935841836736 -0.0360066326530616 0.11617168367347
8 -0.0581586734693871 0.134267857142857 0.0369647959183669 -0.00613010204081651 -0.159740306122449 0.0648270408163264 -0.0228007653061221 0.203906632653061 0.130550765306122 -0.0445607142857141 -0.0326122448979597 0.0250727040816323 -0.00861301020408194 0.0147221938775511 0.00532831632653029 -0.0973227040816322 -0.0398920918367344 -0.0616512755102044 0.0267288265306119 0.0181073979591839 0.0527408163265308 -0.0301757653061226 0.12019081632653 -0.0998224489795919 -0.06624387755102 -0.168007653061224 0.166389795918367 0.0181716836734689 -0.0533678571428569 -0.100375765306123 -0.167334948979591 0.0591803571428569 0.0643079081632649 -0.0764581632653058 -0.0684724489795915 -0.0247821428571431 0.038382397959184 0.0875359693877546 -0.0732423469387748 -0.0631387755102035 0.166607142857142 -0.0873076530612243 0.0724589285714284 -0.0741196428571428 -0.104952295918367 -0.104449489795918 0.0257007653061224 -0.118552040816327 -0.132036734693878 -0.0383323979591832 -0.082185204081632 -0.194267857142856 0.00356479591836703 -0.122474234693877 0.0011846938775507 -0.214922959183673 0.0438556122448974 -0.0311410714285718 -0.059441071428571 0.121204336734694 -0.036458418367347 0.090126020408163 0.0829053571428569 0.0122540816326531 -0.109573469387755 -0.0290229591836737 0.0211262755102038 -0.011085204081633 -0.082024489795918 -0.164953571428571 -0.0327686224489795 -0.0444681122448972 0.0330994897959185 -0.038941836734694 -0.0462553571428576 0.059858418367347 -0.0108408163265304 -0.0655160714285714 -0.0880405612244897 0.0603311224489792 0.0557589285714283 -0.0754586734693871 0.0742594387755097 0.146641326530612 0.0436551020408158 -0.0555801020408167 0.0207377551020407 -0.0423497448979593 -0.00180382653061251 -0.159476275510204 0.00187448979591858 0.00300484693877535 -0.0485303571428568 0.00320612244897995 0.0543482142857143 0.0786862244897961 -0.102561224489795 -0.114730867346938 -0.070705612244898 -0.00646173469387726
9 0.192436224489794 -0.116714285714285 0.13537780612245 -0.116363775510203 -0.0616073979591823 0.0638058673469388 0.218049362244897 0.130550765306122 0.665495280612245 -0.0457964285714291 -0.0631709183673452 0.138498086734695 0.00512487244898054 -0.203269005102041 0.0227932397959193 -0.171278443877552 -0.0537386479591842 -0.191724872448978 -0.0377521683673461 0.127537117346938 0.431390561224488 0.112854719387756 0.0464762755102052 -0.233246683673468 0.263058673469386 -0.16264387755102 0.0904117346938774 0.136063903061226 -0.0836517857142861 -0.0055042091836723 0.0344417091836724 0.146254464285715 0.0440399234693887 -0.0436323979591843 -0.155475255102041 -0.0600285714285705 0.00362283163265187 0.094817474489797 -0.0670150510204098 0.028986734693876 0.286498214285715 -0.155202806122449 0.30290625 -0.189263392857143 0.0176820153061205 -0.159529336734693 0.148311352040816 0.135313775510205 -0.232775255102039 0.153878954081631 0.0687795918367329 -0.161987500000003 0.0770670918367355 0.315145280612244 0.0509104591836744 0.232261224489794 0.172302295918369 0.0535883928571442 -0.0391651785714295 0.137254209183673 -0.256637372448979 0.248703826530613 0.24409375 0.312901020408163 -0.137434438775509 0.180261224489796 0.0270855867346945 0.0144206632653071 0.267990306122448 -0.0311928571428589 0.130247576530612 -0.199933545918369 -0.0149992346938782 -0.302780102040816 -0.185856249999998 0.267149872448979 0.0413147959183667 0.000309821428571625 -0.0262909438775508 0.183790816326531 0.140199107142858 0.024955867346937 -0.00498380102040702 0.0902880102040806 0.369435204081634 0.188102295918369 -0.0100262755102038 -0.0322289540816319 0.020487882653062 0.0439644132653073 0.323204336734693 -0.238766198979591 0.234283035714285 0.0789461734693866 -0.0964401785714287 -0.174554336734695 -0.170213520408164 0.0138909438775494 -0.0977933673469381 0.123781887755101
10 0.104800000000001 0.0856464285714282 -0.0643714285714291 -0.000960714285714546 -0.0635250000000005 0.0829142857142856 -0.0450214285714281 -0.0445607142857141 -0.0457964285714291 0.291078571428571 0.111328571428571 -0.0272678571428576 0.0435249999999995 -0.0632035714285712 0.0172571428571424 -0.0311964285714281 0.0392892857142859 0.207324999999999 -0.0242785714285718 0.0643500000000003 0.0485464285714289 -0.103264285714286 -0.084171428571429 0.0511178571428568 -0.124453571428571 -0.0229821428571429 0.0876964285714285 -0.087053571428572 0.00477142857142877 -0.075196428571429 -0.0577607142857137 -0.0692035714285716 0.0320107142857138 -0.0700428571428567 0.107932142857143 -0.0422678571428575 -0.00911071428571373 -0.0466285714285719 0.103567857142858 -0.0420464285714278 -0.0627750000000007 -0.104939285714286 -0.0330642857142857 -0.0190071428571429 -0.0195178571428562 0.0667035714285713 -0.155396428571428 -0.0898678571428575 0.16630357142857 -0.0839321428571421 -0.00235714285714207 0.0683107142857155 -0.0454892857142861 -0.0640249999999996 -0.110428571428572 -0.0143428571428565 -0.0956607142857149 -0.0141464285714292 -0.080921428571428 -0.1019 0.222703571428571 0.134207142857142 0.0478142857142855 -0.0419392857142856 -0.0976500000000002 0.0547107142857139 -0.0501178571428574 -0.0217928571428576 -0.111799999999999 -0.0704749999999991 -0.0210035714285714 -0.0844357142857132 7.14285714316497e-06 -0.0123785714285716 0.0771499999999993 0.00374642857142877 -0.0327964285714283 -0.0169928571428572 -0.0168714285714286 -0.175810714285715 -0.0186250000000003 -0.043182142857142 -0.059446428571429 -0.103632142857142 -0.111900000000001 0.203949999999999 -0.0640428571428572 -0.0854285714285716 -0.0554714285714289 -0.0990785714285719 0.0210142857142859 0.0215464285714284 -0.106442857142857 -0.00298928571428523 0.0735 -0.0490321428571424 0.11565 -0.054382142857142 -0.047032142857143 -0.0500499999999995
11 -0.0894510204081655 0.175725000000001 -0.245830612244896 0.0743489795918374 -0.160124489795916 -0.109365306122449 -0.487336224489797 -0.0326122448979597 -0.0631709183673452 0.111328571428571 0.938556122448981 -0.00263724489795759 -0.0881943877551006 -0.194220918367347 0.134229591836736 -0.107077040816328 0.163157653061223 0.141705102040818 0.00539897959183787 0.0861954081632641 -0.0549346938775521 -0.247482653061223 -0.172323979591835 0.0147076530612253 -0.199228061224491 0.0712091836734694 -0.00807346938775507 -0.0604224489795897 -0.00248928571428632 0.0570994897959199 -0.202317346938777 -0.282064285714285 -0.00690663265305978 -0.207453061224491 0.159968367346938 0.212746428571429 -0.0340724489795934 0.0314811224489813 0.020547959183671 -0.120862755102043 0.187535714285716 -0.181083673469388 0.0730607142857144 -0.117992857142857 -0.0572479591836761 -0.166341326530612 -0.189145918367346 -0.0181882653061209 0.0462397959183699 0.0715331632653042 -0.155248469387757 0.113414285714282 -0.173062755102039 -0.197849489795919 0.0750326530612257 -0.26666530612245 0.0891454081632674 -0.0924999999999979 0.210667857142855 -0.0521316326530618 0.150815816326531 -0.189843367346938 -0.45317857142857 0.203551530612244 -0.364856122448978 0.153516836734695 -0.0167872448979582 0.0211158163265321 -0.0835663265306135 -0.0538071428571454 -0.214704081632653 0.0614474489795886 -0.00850867346938864 -0.0140469387755096 0.201225000000002 -0.19648724489796 -0.194204591836735 -0.102364285714285 -0.253116326530612 -0.164467346938774 0.245971428571429 -0.0138224489795942 -0.145662755102039 0.0808811224489781 -0.22451326530612 0.222081122448981 -0.128401020408163 -0.127843877551019 -0.163363265306121 0.00291581632653239 0.253123469387754 0.138905612244898 -0.315200000000001 -0.0598316326530627 -0.0364464285714288 -0.0789484693877562 0.103441326530611 0.0289663265306099 -0.0261096938775502 0.00338265306122329
12 0.0523627551020392 0.0687714285714291 0.200484438775511 -0.0330051020408157 -0.125531377551019 -0.00423188775510196 0.199196556122448 0.0250727040816323 0.138498086734695 -0.0272678571428576 -0.00263724489795759 0.561057525510204 -0.0487121173469378 -0.117434056122449 0.16531849489796 -0.137373596938776 -0.174446556122449 0.0491978316326541 -0.0904238520408154 -0.168741709183674 -0.217553826530613 0.132869770408164 -0.0967181122448967 -0.339595663265305 0.219723979591836 0.054520918367347 0.0704576530612244 0.234470790816328 -0.0808446428571432 -0.0224427295918356 -0.0682054846938784 -0.0517616071428567 -0.261157270408162 0.0999900510204074 -0.145324234693878 -0.101482142857142 -0.0411024234693888 0.106817219387756 0.0178665816326514 -0.167328061224491 0.0520232142857157 -0.104798724489796 0.0665544642857143 -0.0279580357142856 -0.0592549744897977 0.292052295918367 -0.032639413265306 -0.0985056122448968 -0.0353885204081615 -0.088056505102042 0.230418367346937 -0.198019642857145 -0.131561989795917 0.102069515306122 0.265132908163266 0.092034183673468 -0.232703316326529 0.0962366071428583 0.138683035714285 0.173496301020408 -0.0340860969387753 0.088699234693878 0.181163392857143 0.21392193877551 -0.0551395408163259 0.0165806122448987 0.0824700255102046 0.0634344387755111 0.0742147959183664 -0.00586071428571596 0.0488197704081632 -0.111897576530614 -0.0323630102040822 0.203515306122449 -0.0307687499999986 -0.0534871173469391 -0.0860479591836739 -0.115770535714285 -0.0524932397959181 -0.175647448979591 0.000204464285714989 0.0169752551020392 0.107446045918368 -0.0301354591836743 -0.100469897959182 0.0589859693877564 -0.0142068877551018 -0.161329209183673 -0.127586862244897 -0.112548596938774 -0.0925558673469392 -0.0249817602040812 0.105231249999999 0.0868257653061214 -0.156770535714286 -0.016419132653062 0.109601275510203 -0.196385331632654 -0.0964913265306116 0.0761329081632644
13 0.00990918367346796 0.269792857142857 -0.0504941326530602 -0.0205301020408158 0.019597193877552 -0.143846173469387 0.0821483418367338 -0.00861301020408194 0.00512487244898054 0.0435249999999995 -0.0881943877551006 -0.0487121173469378 0.670028954081633 0.0873463010204077 0.0189167091836742 0.123146045918366 -0.0240269132653066 0.255028188775511 0.241292219387755 -0.0507256377551026 -0.0980502551020414 -0.0912248724489789 -0.169993112244897 -0.0951563775510199 -0.0530188775510211 -0.00198265306122445 -0.10920306122449 -0.166313137755101 -0.0234446428571432 -0.0804338010204071 0.0870070153061216 0.0436116071428575 -0.0961269132653052 -0.055399234693878 -0.138202806122449 0.224807142857143 0.0710600765306112 -0.184552423469387 0.0607165816326516 -0.0696923469387767 -0.0561446428571415 -0.128616581632653 0.202738392857143 0.16581875 -0.0512781887755117 -0.0920584183673467 -0.0452519132653059 -0.223769897959182 0.241586479591838 -0.156097576530613 -0.0421173469387768 -0.138126785714288 0.074127295918368 0.0998998724489789 -0.0396992346938767 0.195084183673468 -0.0666497448979578 -0.0130758928571417 0.196488392857142 -0.0724804846938779 0.311204974489796 -0.167525765306122 -0.044491964285714 -0.198595918367347 -0.0502181122448974 -0.0407015306122443 -0.0421889030612239 0.00459158163265394 0.0468362244897951 0.132939285714284 0.104839413265306 -0.184785076530614 0.0587691326530606 0.279829591836735 -0.233624107142856 0.118386096938775 -0.112201530612245 -0.0837366071428568 -0.0488414540816325 -0.102979591836734 0.0419383928571434 -0.0697497448979605 -0.132698596938774 -0.107835459183674 0.0864693877551031 0.200582397959185 -0.0703390306122446 0.00124043367346994 0.288111352040817 0.109406760204083 0.167586989795918 0.152552168367347 -0.0597491071428576 0.11657219387755 -0.0723937500000001 -0.135936989795919 -0.0949165816326538 0.195559311224488 -0.0747198979591831 -0.0458135204081639
14 -0.190399489795918 0.280624999999999 0.216659948979591 0.000779081632652871 0.0321176020408159 0.0727201530612244 -0.333804209183673 0.0147221938775511 -0.203269005102041 -0.0632035714285712 -0.194220918367347 -0.117434056122449 0.0873463010204077 0.734195280612244 -0.0927960459183676 0.183617984693878 0.153818494897959 0.254139413265305 0.170301403061224 -0.264416454081632 0.05611556122449 -0.367091709183673 -0.0477022959183677 0.380724744897959 -0.235144897959183 0.0518382653061224 -0.0595561224489795 -0.203789668367347 0.027294642857143 -0.0681649234693881 -0.144779719387755 -0.204495535714286 -0.219792219387755 -0.149193112244898 -0.0449859693877548 0.369374999999999 -0.00640573979591799 -0.067328954081633 -0.0859079081632647 -0.0353989795918362 0.130208928571428 0.149200765306122 -0.0201330357142857 0.332911607142857 -0.0704144132653054 0.0917599489795917 -0.0754850765306122 -0.122354081632653 -0.106050255102041 -0.184996045918367 -0.151302551020407 -0.192933928571427 0.129145663265306 -0.28906900510204 -0.105843112244898 -0.133303061224489 0.125677295918367 -0.173304464285715 -0.129372321428571 -0.00107079081632637 0.341876913265306 -0.220139030612245 -0.0211276785714286 -0.298681122448979 -0.201863010204082 -0.178917346938776 0.0231427295918365 -0.12689362244898 -0.0779918367346935 -0.179160714285714 -0.180998852040816 -0.123565688775509 0.00590433673469408 0.00754132653061213 0.045322321428571 -0.296221556122448 -0.156667346938775 0.0367633928571428 -0.109955229591837 0.216233673469387 -0.047825892857143 -0.00240484693877492 -0.126305229591837 -0.0657262755102037 0.00336734693877505 0.215523724489795 0.103466581632653 0.0173639030612243 0.245741454081632 0.130921556122448 -0.265492091836734 0.355694515306122 -0.142438392857142 -0.265760969387754 0.0452776785714286 0.332449234693877 0.0721007653061227 0.0292766581632658 0.0665780612244895 -0.0733109693877547
15 -0.0315346938775523 -0.0382499999999995 0.0719038265306131 -0.00912755102040769 -0.101880867346938 0.136684948979592 -0.0834021683673476 0.00532831632653029 0.0227932397959193 0.0172571428571424 0.134229591836736 0.16531849489796 0.0189167091836742 -0.0927960459183676 0.429067729591837 -0.11295599489796 -0.148472831632653 0.237976147959184 0.0328697704081638 -0.148140943877551 0.0199864795918361 0.173110331632653 -0.0738635204081622 -0.176827295918367 0.253178061224489 -0.0421163265306121 0.130673469387755 0.0349108418367358 -0.0461946428571431 0.0318835459183682 -0.0780639030612253 0.0140008928571432 -0.0278049744897951 0.0592548469387749 0.0197405612244892 -0.00333928571428502 0.0669197704081623 0.138039413265307 0.016371683673468 -0.0582979591836746 0.0974660714285725 -0.0787788265306122 -0.017086607142857 0.080511607142857 -0.167229719387756 0.0328716836734695 -0.0369335459183672 -0.0554367346938766 0.0619941326530626 -0.0544108418367357 -0.119272959183675 -0.304016071428573 -0.0928747448979583 0.0518110969387749 0.0877655612244904 -0.0780775510204091 -0.0993793367346925 0.0720348214285724 0.168952678571428 0.164762882653061 0.0299850765306124 -0.0393691326530607 0.00670803571428595 0.113869897959183 -0.124724234693877 -0.018856122448979 -0.00829400510204028 -0.0584783163265297 0.133702040816326 -0.0774035714285728 0.12435318877551 -0.0410019132653079 0.0566211734693872 0.130218367346939 -0.0226562499999989 0.107913137755102 0.0463081632653057 0.116245535714286 -0.0297827806122448 -0.0552897959183666 0.0146526785714291 -0.163807908163266 0.181188647959184 -0.0952721938775517 0.0490739795918378 -0.0807150510204069 0.154009948979592 -0.00206415816326478 0.0196016581632659 0.0503582908163275 0.0416211734693873 0.134307780612245 -0.0393812500000005 -0.0342451530612253 -0.0504294642857144 -0.0203747448979598 0.0535533163265297 -0.0892743622448991 -0.0651260204081627 0.00501556122448911
16 0.0983229591836747 -0.169139285714286 0.108383418367346 -0.035377040816327 0.199167091836733 -0.144710969387755 0.0459373724489803 -0.0973227040816322 -0.171278443877552 -0.0311964285714281 -0.107077040816328 -0.137373596938776 0.123146045918366 0.183617984693878 -0.11295599489796 0.600257525510204 -0.0437838010204076 -0.0372674744897968 0.0423792091836728 0.166729209183674 -0.102135459183673 -0.0728108418367352 -0.124281887755103 0.376242091836734 -0.18085969387755 0.0709862244897958 -0.232779081632653 -0.133858290816327 0.0732196428571431 0.0806766581632642 0.292867984693878 0.145838392857142 0.0627983418367337 0.0385778061224495 -0.0518614795918361 -0.019735714285715 -0.0413636479591827 -0.0555190051020418 -0.0403522959183659 0.0226602040816339 -0.228348214285715 0.281270153061224 0.129600892857143 0.116188392857143 0.089888903061226 0.283890561224489 0.149259056122449 -0.122155102040817 0.172906377551019 0.284794005102042 -0.0967005102040801 0.278769642857145 0.0899905612244889 0.0464322704081638 -0.113686479591837 0.18796224489796 -0.0802431122448992 -0.144938392857144 -0.0228169642857134 -0.13099094387755 0.0934414540816324 0.11454719387755 0.0977633928571425 -0.201839795918367 0.50317525510204 0.209683673469387 0.0247353316326525 -0.0510272959183681 -0.113414795918366 0.0761857142857157 -0.0496358418367346 0.476299362244899 -0.0341012755102035 0.419352551020407 -0.133025892857144 -0.044493239795918 0.0280372448979596 0.409418749999999 -0.056929974489796 -0.0776025510204088 -0.0883598214285719 0.0854533163265319 -0.0188085459183683 -0.164010969387754 0.175152040816325 0.0684961734693865 -0.0595466836734695 0.04598456632653 0.121624362244897 0.293293239795917 -0.0520369897959179 0.0833514030612241 0.0562383928571434 -0.133415051020407 0.17391875 -0.0806844387755094 -0.0398262755102032 0.189683545918368 0.0875770408163259 -0.113900765306122
17 -0.00503520408163178 0.124296428571428 -0.00362933673469451 -0.0699673469387757 -0.0315609693877557 -0.0620191326530612 -0.0802809948979586 -0.0398920918367344 -0.0537386479591842 0.0392892857142859 0.163157653061223 -0.174446556122449 -0.0240269132653066 0.153818494897959 -0.148472831632653 -0.0437838010204076 1.27923099489796 0.177948341836734 -0.102586096938776 0.205292474489796 0.274851275510204 -0.0475077806122452 -0.128777295918368 0.562706887755101 -0.164430612244897 0.382381122448979 0.263111734693877 -0.124805739795919 0.105005357142857 -0.137584566326531 0.0837434948979596 -0.0616044642857145 -0.317683290816327 -0.251996683673469 -0.136046683673469 0.573807142857142 0.00331747448979652 -0.0530128826530618 0.0580885204081641 0.181197448979592 0.00459821428571346 0.230072193877551 0.110179464285714 0.0345883928571428 0.272980229591837 -0.516432908163265 -0.193311862244898 -0.249004081632653 -0.18129668367347 0.204237882653062 0.0680438775510212 0.0897875000000014 -0.12281862244898 0.134622066326531 0.0146033163265301 0.124371938775511 -0.0459405612244906 0.0117616071428564 -0.217974107142856 0.016652423469388 -0.294824872448979 -0.0705033163265309 0.032024107142857 0.0675938775510204 -0.146955867346939 -0.168870918367347 0.00885522959183637 0.0725706632653055 -0.108752551020408 0.093692857142858 -0.131186352040816 -0.26423176020408 -0.0102742346938772 -0.272008673469388 -0.0164008928571436 -0.210673341836734 0.13077193877551 0.0436508928571427 0.0975822704081631 0.0120658163265301 0.223565178571428 0.0884380102040824 -0.115814158163266 -0.0380334183673464 -0.242861224489796 -0.00700841836734766 0.37880943877551 0.137858545918367 -0.016006760204082 -0.113990943877552 0.295236479591837 -0.605242984693877 0.152670535714286 -0.0714181122448973 -0.00323124999999988 0.341077806122449 -0.0710742346938769 0.0700427295918375 0.0914530612244894 -0.0852073979591831
18 -0.130452040816328 0.367178571428572 0.220144132653062 0.0224586734693883 -0.0967543367346925 0.153385459183673 -0.254512627551021 -0.0616512755102044 -0.191724872448978 0.207324999999999 0.141705102040818 0.0491978316326541 0.255028188775511 0.254139413265305 0.237976147959184 -0.0372674744897968 0.177948341836734 0.912243239795918 0.108611352040817 -0.288495790816327 -0.0595818877551027 -0.16767512755102 -0.202378316326529 0.422545663265306 -0.0685168367346947 -0.0193709183673469 0.212660204081632 -0.142501147959182 0.0159124999999996 -0.0167161989795907 -0.243692729591837 0.0101955357142862 -0.0181695153061214 -0.106379336734694 0.157113520408162 0.205828571428572 0.0120077806122438 0.149302423469389 0.0544512755102023 -0.127461224489797 -0.00983749999999845 -0.126058418367347 -0.0930312499999997 0.204527678571428 -0.0860146683673487 -0.182820153061224 -0.0936052295918365 -0.229126530612244 0.350674234693879 -0.483123852040817 -0.157396938775512 -0.17330535714286 -0.019623724489795 -0.34687487244898 0.031170663265307 -0.196102040816328 -0.0976252551020391 -0.206070535714284 0.345004464285713 0.0983697704081627 0.380655739795918 -0.175952806122448 0.0410169642857145 -0.108443367346939 -0.438124744897958 -0.0345698979591829 -0.0539539540816319 -0.123823724489795 -0.0309897959183682 0.0283999999999982 -0.164246556122449 -0.185586352040818 0.0314237244897952 0.0723561224489799 0.0321241071428585 -0.0761932397959186 -0.319641326530612 0.256575892857143 -0.214387117346938 -0.152056122448979 -0.0365741071428564 -0.113468112244899 -0.0116335459183662 -0.181328826530613 -0.0392336734693863 0.0910283163265319 0.293167602040816 -0.119447576530611 0.110124362244899 0.162946811224491 -0.194826275510204 0.231476403061225 -0.258990178571429 -0.264032908163266 -0.0162169642857145 0.235404846938774 -0.0178012755102051 -0.0909093112244912 -0.0434836734693871 -0.063107908163266
19 -0.211651020408164 0.0681821428571432 -0.171396683673468 0.0139882653061228 -0.0279762755102032 -0.0491885204081631 -0.0267567602040822 0.0267288265306119 -0.0377521683673461 -0.0242785714285718 0.00539897959183787 -0.0904238520408154 0.241292219387755 0.170301403061224 0.0328697704081638 0.0423792091836728 -0.102586096938776 0.108611352040817 0.444982015306122 0.0454427295918362 -0.17306862244898 -0.178940688775509 -0.086404336734693 5.86734693908747e-06 -0.0510352040816332 -0.163408673469387 -0.0590948979591836 -0.204866198979591 -0.0184982142857145 -0.106503188775509 0.166972831632652 -0.0598562499999996 0.00463890306122519 -0.0464227040816331 -0.0471798469387759 0.108603571428572 0.121817729591836 -0.122444770408162 -0.0402323979591848 -0.0431520408163275 -0.0215696428571418 -0.0309926020408163 0.147502678571428 0.213647321428571 -0.11764349489796 -0.157964540816326 0.200417474489796 0.144868877551021 -0.0770477040816313 -0.183548086734695 -0.140748469387756 -0.0448303571428589 0.138646173469388 -0.174191454081633 -0.0192691326530605 -0.0659974489795927 -0.0136349489795907 -0.042843749999999 -0.0799008928571434 -0.0865825255102043 0.292477423469387 -0.24260943877551 -0.0860312499999997 -0.0995020408163264 -0.170854336734693 -0.0147760204081628 -0.0398827806122444 0.230392602040817 0.0350086734693871 -0.12469642857143 0.0316343112244897 -0.0132248724489811 0.103514540816326 0.107020918367347 -0.178645535714284 -0.134543494897959 -0.135497448979592 0.0770848214285714 -0.0764547193877549 0.0396219387755107 0.0753348214285719 -0.106056377551021 -0.0480011479591828 -0.0992099489795923 0.0535724489795927 0.0518293367346948 -0.0134599489795917 0.0802695153061228 0.343446556122449 0.0373363520408171 -0.0382640306122452 0.325415433673469 -0.0688955357142861 -0.0809012755102047 0.0270133928571427 -0.0472573979591842 0.0886431122448971 -0.0430917091836745 -0.0385204081632649 -0.040179846938776
20 0.089684693877552 -0.523875 -0.219060969387756 -0.0960474489795921 -0.0593727040816334 -0.101177806122449 0.469553954081633 0.0181073979591839 0.127537117346938 0.0643500000000003 0.0861954081632641 -0.168741709183674 -0.0507256377551026 -0.264416454081632 -0.148140943877551 0.166729209183674 0.205292474489796 -0.288495790816327 0.0454427295918362 1.07338915816326 -0.0255471938775505 -0.0912049744897963 -0.133772193877552 0.138166581632652 0.0796826530612249 -0.340958673469388 -0.0539198979591836 -0.167369770408164 0.0344482142857145 -0.122949617346939 0.407169260204082 0.0634687499999996 0.491271045918366 0.0623594387755106 -0.0710441326530607 -0.145814285714286 0.0392177295918374 -0.198691198979592 -0.141614540816325 0.116397959183674 -0.234119642857144 -0.0936318877551019 -0.126508035714286 -0.0885133928571428 0.170492219387756 -0.171464540816326 0.105785331632653 0.371858163265305 -0.201386989795919 0.500059056122449 -0.0957698979591825 0.462851785714287 -0.0157109693877557 0.25356568877551 0.0713201530612238 0.0450846938775518 -0.195363520408164 -0.0218508928571437 -0.184158035714285 -0.0515575255102037 -0.00967614795918375 0.286433418367346 0.263929464285714 -0.0351163265306122 0.249784948979591 0.175552551020407 0.0706565051020403 0.217421173469387 -0.15943775510204 0.0573000000000011 -0.0507871173469387 0.177007270408164 0.0160466836734698 -0.0527362244897961 0.0830044642857133 -0.0135792091836732 0.038398979591837 0.166920535714285 -0.107386862244898 0.204364795918366 0.0139348214285709 0.0230793367346949 -0.106058290816327 0.035050765306123 0.158529591836734 -0.136363520408164 -0.0312242346938777 0.152526658163265 -0.00221058673469439 -0.147513647959184 -0.0189854591836731 -0.353073852040816 0.216286607142857 -0.0221941326530605 0.293216964285714 -0.188043112244897 0.0896038265306128 -0.0426988520408152 0.04156887755102 -0.000522704081632117
21 0.369429591836735 -0.0452642857142861 0.353298469387754 -0.0718204081632656 0.145603061224489 0.258783163265306 0.142673724489796 0.0527408163265308 0.431390561224488 0.0485464285714289 -0.0549346938775521 -0.217553826530613 -0.0980502551020414 0.05611556122449 0.0199864795918361 -0.102135459183673 0.274851275510204 -0.0595818877551027 -0.17306862244898 -0.0255471938775505 1.12578826530612 0.135863010204081 -0.0937438775510211 0.157424489795918 0.270085204081633 -0.0410698979591837 0.210141326530612 0.162638520408162 -0.0170035714285711 0.136438010204081 -0.0495701530612237 0.0543874999999996 -0.0459665816326537 -0.158468367346938 0.0885637755102044 0.31982857142857 -0.0291829081632645 0.0333170918367339 -0.0178443877551008 0.0741698979591846 0.197167857142856 -0.00710918367346927 0.177619642857142 -0.0796946428571428 0.0491568877551033 -0.112437244897959 0.0241905612244897 -0.0494045918367354 -0.210432653061226 0.170922193877552 -0.0924765306122437 -0.0713821428571408 0.0801948979591829 0.402119132653061 -0.148493367346939 0.125208163265307 0.377815306122447 -0.0116482142857152 -0.21254107142857 0.258197704081633 -0.132810459183673 0.172164795918367 0.0361803571428569 0.293441326530612 -0.209040306122449 0.117940306122448 0.022860459183673 -0.282744387755102 0.0999627551020413 -0.0884285714285701 0.171520153061224 -0.257342091836733 -0.0484877551020403 -0.506624489795918 0.0210910714285704 0.44750331632653 0.265572448979592 0.341916071428571 0.171632397959183 0.253542346938775 0.0826374999999994 -0.034527551020407 0.126146683673469 0.0880224489795924 0.446388265306121 0.329483163265305 0.330272448979591 0.0933349489795913 -0.0100599489795923 0.229418112244897 0.42784081632653 -0.322768112244898 0.237973214285714 -0.282064795918366 -0.125794642857143 0.133812755102041 -0.04341275510204 0.205146173469389 0.0152489795918363 -0.029950510204081
